 1.00000000000000E+05  2.00004239230951E+02  1.60453969987061E+00
 1.01741936618061E+05  2.00004388208405E+02  1.63248985407342E+00
 1.03514216667934E+05  2.00004542421532E+02  1.66092694885353E+00
 1.05317368712972E+05  2.00004702053877E+02  1.68985930756194E+00
 1.07151930523761E+05  2.00004867296467E+02  1.71929574213177E+00
 1.09018449238513E+05  2.00005038345999E+02  1.74924489008009E+00
 1.10917481526240E+05  2.00005215406885E+02  1.77971577412407E+00
 1.12849593752776E+05  2.00005398690316E+02  1.81071748179114E+00
 1.14815362149688E+05  2.00005588414608E+02  1.84225913206246E+00
 1.16815372986133E+05  2.00005784806571E+02  1.87435026528600E+00
 1.18850222743702E+05  2.00005988100329E+02  1.90700039569996E+00
 1.20920518294321E+05  2.00006198538593E+02  1.94021931478273E+00
 1.23026877081238E+05  2.00006416372372E+02  1.97401689298746E+00
 1.25169927303173E+05  2.00006641861439E+02  2.00840318807822E+00
 1.27350308101667E+05  2.00006875275131E+02  2.04338852008693E+00
 1.29568669751702E+05  2.00007116891481E+02  2.07898319719296E+00
 1.31825673855641E+05  2.00007366999440E+02  2.11519803049439E+00
 1.34121993540537E+05  2.00007625897031E+02  2.15204369165691E+00
 1.36458313658893E+05  2.00007893893080E+02  2.18953116944894E+00
 1.38835330992905E+05  2.00008171307368E+02  2.22767162653914E+00
 1.41253754462276E+05  2.00008458471047E+02  2.26647649463157E+00
 1.43714305335639E+05  2.00008755727111E+02  2.30595742509748E+00
 1.46217717445672E+05  2.00009063429617E+02  2.34612603489171E+00
 1.48764737407951E+05  2.00009381945917E+02  2.38699435824229E+00
 1.51356124843621E+05  2.00009711656249E+02  2.42857463058217E+00
 1.53992652605949E+05  2.00010052954077E+02  2.47087925765649E+00
 1.56675107010815E+05  2.00010406246219E+02  2.51392076159825E+00
 1.59404288071222E+05  2.00010771954717E+02  2.55771208772795E+00
 1.62181009735893E+05  2.00011150515548E+02  2.60226620693900E+00
 1.65006100132023E+05  2.00011542380535E+02  2.64759644027482E+00
 1.67880401812256E+05  2.00011948017492E+02  2.69371634312029E+00
 1.70804772005971E+05  2.00012367910448E+02  2.74063968218069E+00
 1.73780082874938E+05  2.00012802560228E+02  2.78838039682933E+00
 1.76807221773432E+05  2.00013252485285E+02  2.83695268842836E+00
 1.79887091512879E+05  2.00013718223270E+02  2.88637121031547E+00
 1.83020610631106E+05  2.00014200329308E+02  2.93665055946375E+00
 1.86208713666287E+05  2.00014699378819E+02  2.98780576234908E+00
 1.89452351435659E+05  2.00015215967393E+02  3.03985208974879E+00
 1.92752491319094E+05  2.00015750711818E+02  3.09280512921651E+00
 1.96110117547605E+05  2.00016304249473E+02  3.14668053454824E+00
 1.99526231496888E+05  2.00016877241473E+02  3.20149448150725E+00
 2.03001851985969E+05  2.00017470371513E+02  3.25726330031381E+00
 2.06538015581053E+05  2.00018084347267E+02  3.31400360020978E+00
 2.10135776904675E+05  2.00018719901641E+02  3.37173234333618E+00
 2.13796208950223E+05  2.00019377792792E+02  3.43046669569936E+00
 2.17520403401953E+05  2.00020058806303E+02  3.49022426080291E+00
 2.21309470960564E+05  2.00020763754597E+02  3.55102280064033E+00
 2.25164541674462E+05  2.00021493478978E+02  3.61288045830768E+00
 2.29086765276778E+05  2.00022248850628E+02  3.67581573439685E+00
 2.33077311528264E+05  2.00023030770367E+02  3.73984728905185E+00
 2.37137370566166E+05  2.00023840172177E+02  3.80499435148162E+00
 2.41268153259164E+05  2.00024678021774E+02  3.87127630982248E+00
 2.45470891568503E+05  2.00025545319133E+02  3.93871293800018E+00
 2.49746838915415E+05  2.00026443098912E+02  4.00732427854565E+00
 2.54097270554931E+05  2.00027372433705E+02  4.07713095398896E+00
 2.58523483956219E+05  2.00028334431525E+02  4.14815362405204E+00
 2.63026799189539E+05  2.00029330241498E+02  4.22041359660255E+00
 2.67608559319934E+05  2.00030361051767E+02  4.29393237201328E+00
 2.72270130807791E+05  2.00031428092806E+02  4.36873189872094E+00
 2.77012903916374E+05  2.00032532638296E+02  4.44483449130546E+00
 2.81838293126446E+05  2.00033676006540E+02  4.52226283827212E+00
 2.86747737558131E+05  2.00034859562272E+02  4.60104003117963E+00
 2.91742701400117E+05  2.00036084718870E+02  4.68118964898002E+00
 2.96824674346325E+05  2.00037352938103E+02  4.76273550947572E+00
 3.01995172040202E+05  2.00038665734423E+02  4.84570201071636E+00
 3.07255736526745E+05  2.00040024674561E+02  4.93011384800014E+00
 3.12607936712396E+05  2.00041431381089E+02  5.01599625121262E+00
 3.18053368832952E+05  2.00042887533197E+02  5.10337481645817E+00
 3.23593656929628E+05  2.00044394869446E+02  5.19227564105755E+00
 3.29230453333407E+05  2.00045955189374E+02  5.28272524159026E+00
 3.34965439157828E+05  2.00047570355742E+02  5.37475059454937E+00
 3.40800324800365E+05  2.00049242296748E+02  5.46837914282381E+00
 3.46736850452532E+05  2.00050973008988E+02  5.56363886046294E+00
 3.52776786618875E+05  2.00052764558539E+02  5.66055813383843E+00
 3.58921934645005E+05  2.00054619084857E+02  5.75916591999316E+00
 3.65174127254838E+05  2.00056538802228E+02  5.85949162587324E+00
 3.71535229097173E+05  2.00058526002866E+02  5.96156517833062E+00
 3.78007137301811E+05  2.00060583060329E+02  6.06541709937688E+00
 3.84591782045354E+05  2.00062712430243E+02  6.17107829502108E+00
 3.91291127126854E+05  2.00064916655592E+02  6.27858031020811E+00
 3.98107170553497E+05  2.00067198369633E+02  6.38795530568255E+00
 4.05041945136494E+05  2.00069560296239E+02  6.49923581547894E+00
 4.12097519097331E+05  2.00072005257037E+02  6.61245511882307E+00
 4.19275996684605E+05  2.00074536172106E+02  6.72764699426437E+00
 4.26579518801593E+05  2.00077156064300E+02  6.84484580943626E+00
 4.34010263644744E+05  2.00079868063173E+02  6.96408655766891E+00
 4.41570447353312E+05  2.00082675408037E+02  7.08540481432176E+00
 4.49262324670294E+05  2.00085581452575E+02  7.20883679786496E+00
 4.57088189614875E+05  2.00088589668478E+02  7.33441935667699E+00
 4.65050376166608E+05  2.00091703649470E+02  7.46218996466637E+00
 4.73151258961481E+05  2.00094927116271E+02  7.59218679126834E+00
 4.81393254000145E+05  2.00098263919752E+02  7.72444859958128E+00
 4.89778819368447E+05  2.00101718047289E+02  7.85901490446916E+00
 4.98310455970530E+05  2.00105293626148E+02  7.99592586540745E+00
 5.06990708274705E+05  2.00108994929359E+02  8.13522237808690E+00
 5.15822165072307E+05  2.00112826379692E+02  8.27694599082460E+00
 5.24807460249773E+05  2.00116792556632E+02  8.42113905009282E+00
 5.33949273574178E+05  2.00120898200344E+02  8.56784459307092E+00
 5.43250331492434E+05  2.00125148218390E+02  8.71710644029172E+00
 5.52713407944435E+05  2.00129547690847E+02  8.86896914652688E+00
 5.62341325190350E+05  2.00134101877270E+02  9.02347807854923E+00
 5.72136954652327E+05  2.00138816221908E+02  9.18067935404062E+00
 5.82103217770871E+05  2.00143696361495E+02  9.34061993571554E+00
 5.92243086876132E+05  2.00148748131418E+02  9.50334760404564E+00
 6.02559586074359E+05  2.00153977571855E+02  9.66891091858547E+00
 6.13055792149821E+05  2.00159390937347E+02  9.83735937867135E+00
 6.23734835482420E+05  2.00164994701823E+02  1.00087432758739E+01
 6.34599900981288E+05  2.00170795567931E+02  1.01831138088021E+01
 6.45654229034655E+05  2.00176800474422E+02  1.03605230576957E+01
 6.56901116476267E+05  2.00183016605593E+02  1.05410240560235E+01
 6.68343917568615E+05  2.00189451398161E+02  1.07246707098432E+01
 6.79986045003323E+05  2.00196112551670E+02  1.09115178961349E+01
 6.91830970918937E+05  2.00203008037043E+02  1.11016214331142E+01
 7.03882227936458E+05  2.00210146107312E+02  1.12950381607174E+01
 7.16143410212904E+05  2.00217535305449E+02  1.14918258438237E+01
 7.28618174513228E+05  2.00225184477283E+02  1.16920433239651E+01
 7.41310241300918E+05  2.00233102780298E+02  1.18957504410332E+01
 7.54223395847571E+05  2.00241299695483E+02  1.21030080888228E+01
 7.67361489361819E+05  2.00249785038519E+02  1.23138782193495E+01
 7.80728440137909E+05  2.00258568971632E+02  1.25284238644630E+01
 7.94328234724283E+05  2.00267662016891E+02  1.27467091970580E+01
 8.08164929112538E+05  2.00277075067095E+02  1.29687994636649E+01
 8.22242649947073E+05  2.00286819400775E+02  1.31947610925064E+01
 8.36565595755812E+05  2.00296906695094E+02  1.34246616687300E+01
 8.51138038202377E+05  2.00307349039297E+02  1.36585699306779E+01
 8.65964323360067E+05  2.00318158951593E+02  1.38965558853915E+01
 8.81048873008016E+05  2.00329349391172E+02  1.41386906855428E+01
 8.96396185949950E+05  2.00340933777527E+02  1.43850468141890E+01
 9.12010839355911E+05  2.00352926003842E+02  1.46356979738076E+01
 9.27897490127333E+05  2.00365340455436E+02  1.48907191730343E+01
 9.44060876285923E+05  2.00378192026912E+02  1.51501867392431E+01
 9.60505818386732E+05  2.00391496140209E+02  1.54141783331130E+01
 9.77237220955812E+05  2.00405268764379E+02  1.56827730100860E+01
 9.94260073952956E+05  2.00419526433341E+02  1.59560511751430E+01
 1.01157945425990E+06  2.00434286267138E+02  1.62340946531384E+01
 1.02920052719443E+06  2.00449565993664E+02  1.65169867372632E+01
 1.04712854805090E+06  2.00465383968127E+02  1.68048121342201E+01
 1.06536886366756E+06  2.00481759198738E+02  1.70976571039822E+01
 1.08392691402120E+06  2.00498711366959E+02  1.73956093808460E+01
 1.10280823384955E+06  2.00516260853015E+02  1.76987582414360E+01
 1.12201845430196E+06  2.00534428761713E+02  1.80071945648071E+01
 1.14156330461885E+06  2.00553236946746E+02  1.83210107993672E+01
 1.16144861384034E+06  2.00572708039607E+02  1.86403010593843E+01
 1.18168031254478E+06  2.00592865475087E+02  1.89651610754630E+01
 1.20226443461742E+06  2.00613733522302E+02  1.92956882903870E+01
 1.22320711904993E+06  2.00635337313971E+02  1.96319818685169E+01
 1.24451461177139E+06  2.00657702877273E+02  1.99741427169655E+01
 1.26619326751095E+06  2.00680857166124E+02  2.03222735180036E+01
 1.28824955169313E+06  2.00704828095937E+02  2.06764788010643E+01
 1.31069004236608E+06  2.00729644575391E+02  2.10368648872069E+01
 1.33352143216333E+06  2.00755336546008E+02  2.14035400312057E+01
 1.35675053029986E+06  2.00781935017085E+02  2.17766143831224E+01
 1.38038426460288E+06  2.00809472104425E+02  2.21562000251840E+01
 1.40442968357795E+06  2.00837981071929E+02  2.25424110488222E+01
 1.42889395851111E+06  2.00867496372533E+02  2.29353635693884E+01
 1.45378438560766E+06  2.00898053690284E+02  2.33351757331259E+01
 1.47910838816821E+06  2.00929689987489E+02  2.37419678145027E+01
 1.50487351880252E+06  2.00962443549370E+02  2.41558622092607E+01
 1.53108746168203E+06  2.00996354032310E+02  2.45769834698195E+01
 1.55775803483160E+06  2.01031462515719E+02  2.50054583913977E+01
 1.58489319246112E+06  2.01067811552533E+02  2.54414160148881E+01
 1.61250102733774E+06  2.01105445223218E+02  2.58849876693776E+01
 1.64058977319954E+06  2.01144409192918E+02  2.63363070408151E+01
 1.66916780721106E+06  2.01184750767597E+02  2.67955101684030E+01
 1.69824365246175E+06  2.01226518956817E+02  2.72627355447432E+01
 1.72782598050786E+06  2.01269764534500E+02  2.77381241159127E+01
 1.75792361395869E+06  2.01314540105770E+02  2.82218193660132E+01
 1.78854552910777E+06  2.01360900172912E+02  2.87139673268169E+01
 1.81970085860998E+06  2.01408901206517E+02  2.92147166475326E+01
 1.85139889420528E+06  2.01458601718392E+02  2.97242186395818E+01
 1.88364908948980E+06  2.01510062337149E+02  3.02426273243865E+01
 1.91646106273539E+06  2.01563345887013E+02  3.07700994838726E+01
 1.94984459975805E+06  2.01618517470163E+02  3.13067947233104E+01
 1.98380965683651E+06  2.01675644551208E+02  3.18528755125720E+01
 2.01836636368156E+06  2.01734797045732E+02  3.24085072408831E+01
 2.05352502645715E+06  2.01796047411850E+02  3.29738582691963E+01
 2.08929613085404E+06  2.01859470746913E+02  3.35491000040309E+01
 2.12569034521711E+06  2.01925144885375E+02  3.41344069319535E+01
 2.16271852372702E+06  2.01993150503803E+02  3.47299567056357E+01
 2.20039170963740E+06  2.02063571227078E+02  3.53359301799909E+01
 2.23872113856834E+06  2.02136493740180E+02  3.59525114766545E+01
 2.27771824185733E+06  2.02212007905062E+02  3.65798880535783E+01
 2.31739464996848E+06  2.02290206883143E+02  3.72182507930606E+01
 2.35776219596126E+06  2.02371187257318E+02  3.78677940011241E+01
 2.39883291901949E+06  2.02455049167873E+02  3.85287155519790E+01
 2.44061906804198E+06  2.02541896446133E+02  3.92012169084418E+01
 2.48313310529557E+06  2.02631836756327E+02  3.98855031875282E+01
 2.52638771013190E+06  2.02724981746815E+02  4.05817832781656E+01
 2.57039578276887E+06  2.02821447200736E+02  4.12902698587932E+01
 2.61517044813800E+06  2.02921353199589E+02  4.20111795139292E+01
 2.66072505979881E+06  2.03024824289011E+02  4.27447327833288E+01
 2.70707320392136E+06  2.03131989654763E+02  4.34911542593459E+01
 2.75422870333817E+06  2.03242983303421E+02  4.42506726448949E+01
 2.80220562166675E+06  2.03357944254043E+02  4.50235208614161E+01
 2.85101826750392E+06  2.03477016734110E+02  4.58099361008411E+01
 2.90068119869316E+06  2.03600350388415E+02  4.66101599420959E+01
 2.95120922666639E+06  2.03728100493155E+02  4.74244384143421E+01
 3.00261742086127E+06  2.03860428180721E+02  4.82530220861928E+01
 3.05492111321551E+06  2.03997500676946E+02  4.90961661817781E+01
 3.10813590273948E+06  2.04139491543080E+02  4.99541306301204E+01
 3.16227766016839E+06  2.04286580935156E+02  5.08271801998870E+01
 3.21736253269560E+06  2.04438955869847E+02  5.17155845702326E+01
 3.27340694878838E+06  2.04596810504314E+02  5.26196184279051E+01
 3.33042762308747E+06  2.04760346430338E+02  5.35395615896053E+01
 3.38844156139203E+06  2.04929772978535E+02  5.44756990813156E+01
 3.44746606573149E+06  2.05105307538031E+02  5.54283212416844E+01
 3.50751873952569E+06  2.05287175893298E+02  5.63977238498209E+01
 3.56861749283482E+06  2.05475612571682E+02  5.73842082051528E+01
 3.63078054770102E+06  2.05670861211342E+02  5.83880812497686E+01
 3.69402644358284E+06  2.05873174945483E+02  5.94096556822844E+01
 3.75837404288445E+06  2.06082816803881E+02  6.04492500658584E+01
 3.82384253658113E+06  2.06300060134534E+02  6.15071889458145E+01
 3.89045144994281E+06  2.06525189044278E+02  6.25838029535516E+01
 3.95822064835723E+06  2.06758498864829E+02  6.36794289580229E+01
 4.02717034325460E+06  2.07000296633140E+02  6.47944101316568E+01
 4.09732109813542E+06  2.07250901606779E+02  6.59290961269716E+01
 4.16869383470336E+06  2.07510645794813E+02  6.70838431650600E+01
 4.24130983910488E+06  2.07779874520057E+02  6.82590141623598E+01
 4.31519076827765E+06  2.08058947009801E+02  6.94549788686425E+01
 4.39035865640946E+06  2.08348237014760E+02  7.06721139849109E+01
 4.46683592150964E+06  2.08648133458977E+02  7.19108032774509E+01
 4.54464537209509E+06  2.08959041125939E+02  7.31714377175714E+01
 4.62381021399261E+06  2.09281381379662E+02  7.44544156146481E+01
 4.70435405725976E+06  2.09615592919201E+02  7.57601427149739E+01
 4.78630092322638E+06  2.09962132578489E+02  7.70890323429039E+01
 4.86967525165864E+06  2.10321476166459E+02  7.84415055284314E+01
 4.95450190804791E+06  2.10694119350220E+02  7.98179911100806E+01
 5.04080619102669E+06  2.11080578588598E+02  8.12189258663793E+01
 5.12861383991366E+06  2.11481392115098E+02  8.26447546260208E+01
 5.21795104239003E+06  2.11897120974082E+02  8.40959303742531E+01
 5.30884444230989E+06  2.12328350116240E+02  8.55729143670880E+01
 5.40132114764636E+06  2.12775689550213E+02  8.70761762094046E+01
 5.49540873857625E+06  2.13239775566425E+02  8.86061939728503E+01
 5.59113527570561E+06  2.13721272021984E+02  9.01634542570467E+01
 5.68852930843842E+06  2.14220871704176E+02  9.17484522683388E+01
 5.78761988349121E+06  2.14739297769509E+02  9.33616918795662E+01
 5.88843655355590E+06  2.15277305267496E+02  9.50036856766438E+01
 5.99100938611354E+06  2.15835682752625E+02  9.66749549888266E+01
 6.09536897240171E+06  2.16415253989127E+02  9.83760298881137E+01
 6.20154643653787E+06  2.17016879760857E+02  1.00107449194843E+02
 6.30957344480194E+06  2.17641459785721E+02  1.01869760433772E+02
 6.41948221508037E+06  2.18289934746470E+02  1.03663519775499E+02
 6.53130552647473E+06  2.18963288443609E+02  1.05489291936506E+02
 6.64507672907780E+06  2.19662550080950E+02  1.07347650051500E+02
 6.76082975391983E+06  2.20388796691420E+02  1.09239175504864E+02
 6.87859912308809E+06  2.21143155713496E+02  1.11164457715976E+02
 6.99841996002274E+06  2.21926807724626E+02  1.13124093850178E+02
 7.12032799999204E+06  2.22740989354402E+02  1.15118688515495E+02
 7.24435960074990E+06  2.23586996374290E+02  1.17148853349886E+02
 7.37055175337934E+06  2.24466186986778E+02  1.19215206543151E+02
 7.49894209332457E+06  2.25379985328950E+02  1.21318372296113E+02
 7.62956891161534E+06  2.26329885198547E+02  1.23458980152950E+02
 7.76247116628692E+06  2.27610643528844E+02  1.28160347770231E+02
 7.89768849399887E+06  2.28653426129485E+02  1.30443213872516E+02
 8.03526122185619E+06  2.29738266096314E+02  1.32767785931499E+02
 8.17523037943651E+06  2.30867053223789E+02  1.35134816572775E+02
 8.31763771102672E+06  2.32041775839824E+02  1.37545064547957E+02
 8.46252568807270E+06  2.33264526846939E+02  1.39999293510905E+02
 8.60993752184602E+06  2.34537510189807E+02  1.42498270585981E+02
 8.75991717633118E+06  2.35863047781058E+02  1.45042764707900E+02
 8.91250938133747E+06  2.37243586918037E+02  1.47633544679385E+02
 9.06775964583906E+06  2.38681708234429E+02  1.50271376941662E+02
 9.22571427154764E+06  2.40180134220851E+02  1.52957022983737E+02
 9.38642036672136E+06  2.41741738364434E+02  1.55691236371292E+02
 9.54992586021437E+06  2.43369554950569E+02  1.58474759321535E+02
 9.71627951577107E+06  2.45066789580165E+02  1.61308318773982E+02
 9.88553094656939E+06  2.46836830457396E+02  1.64192621891117E+02
 1.00577306300174E+07  2.48683260501750E+02  1.67128350893292E+02
 1.02329299228075E+07  2.50609870355939E+02  1.70116157166135E+02
 1.04111810762334E+07  2.52620672345675E+02  1.73156654511981E+02
 1.05925372517729E+07  2.54719915467325E+02  1.76250411443903E+02
 1.07770525369432E+07  2.56912101479018E+02  1.79397942388319E+02
 1.09647819614319E+07  2.59202002169762E+02  1.82599697646385E+02
 1.11557815135085E+07  2.61594677892153E+02  1.85856051942519E+02
 1.13501081567232E+07  2.64095497438058E+02  1.89167291351250E+02
 1.15478198468946E+07  2.66710159350887E+02  1.92533598402380E+02
 1.17489755493953E+07  2.69444714761892E+02  1.95955035093668E+02
 1.19536352567372E+07  2.72305591832345E+02  1.99431523513831E+02
 1.21618600064637E+07  2.75299621898646E+02  2.02962823755975E+02
 1.23737118993535E+07  2.78434067393536E+02  2.06548508725426E+02
 1.25892541179417E+07  2.81716651624072E+02  2.10187935418270E+02
 1.28085509453628E+07  2.85155590467550E+02  2.13880212162031E+02
 1.30316677845230E+07  2.88759626024583E+02  2.17624161242323E+02
 1.32586711776056E+07  2.92538062260341E+02  2.21418276276211E+02
 1.34896288259166E+07  2.96500802611531E+02  2.25260673579262E+02
 1.37246096100756E+07  3.00658389502711E+02  2.29149036659025E+02
 1.39636836105594E+07  3.05022045657608E+02  2.33080552890426E+02
 1.42069221286019E+07  3.09603717003923E+02  2.37051841237631E+02
 1.44543977074593E+07  3.14416116877565E+02  2.41058869775670E+02
 1.47061841540456E+07  3.19472771090244E+02  2.45096861553584E+02
 1.49623565609444E+07  3.24788063284748E+02  2.49160187215606E+02
 1.52229913288042E+07  3.30377279748512E+02  2.53242242484994E+02
 1.54881661891248E+07  3.36746106016140E+02  2.58171933413071E+02
 1.57579602274393E+07  3.42977505657270E+02  2.62308380280288E+02
 1.60324539069005E+07  3.49538950632282E+02  2.66438098839974E+02
 1.63117290922784E+07  3.56450196438511E+02  2.70548939556516E+02
 1.65958690743756E+07  3.63732115059054E+02  2.74626825649305E+02
 1.68849585948676E+07  3.71406703145224E+02  2.78655479468752E+02
 1.71790838715759E+07  3.79497071348808E+02  2.82616112147283E+02
 1.74783326241822E+07  3.88027408586632E+02  2.86487072434058E+02
 1.77827941003893E+07  3.97022913492163E+02  2.90243450580852E+02
 1.80925591025382E+07  4.06509683381159E+02  2.93856633195434E+02
 1.84077200146896E+07  4.16514548815059E+02  2.97293805381099E+02
 1.87283708301755E+07  4.27064839114675E+02  3.00517397205149E+02
 1.90546071796325E+07  4.38188060998564E+02  3.03484472855601E+02
 1.93865263595221E+07  4.49911468825540E+02  3.06146062910390E+02
 1.97242273611486E+07  4.62261500741820E+02  3.08446443251322E+02
 2.00678109001819E+07  4.75263050439559E+02  3.10322368672228E+02
 2.04173794466953E+07  4.88938539348772E+02  3.11702275525921E+02
 2.07730372557257E+07  5.03306749324439E+02  3.12505476477110E+02
 2.11348903983665E+07  5.18381371628115E+02  3.12641381991061E+02
 2.15030467934026E+07  5.34169225140429E+02  3.12008798352334E+02
 2.18776162394955E+07  5.50668096507138E+02  3.10495371340985E+02
 2.22587104479301E+07  5.67864158939032E+02  3.07977268575563E+02
 2.26464430759307E+07  5.85728937060298E+02  3.04319222064585E+02
 2.30409297605585E+07  6.04215805534515E+02  2.99375085043106E+02
 2.34422881531992E+07  6.24676202780607E+02  2.93339311365269E+02
 2.38506379546511E+07  6.44292336487979E+02  2.85283425705366E+02
 2.42661009508242E+07  6.64243615230814E+02  2.75437847714607E+02
 2.46888010490621E+07  6.84366265562005E+02  2.63633763688513E+02
 2.51188643150959E+07  7.04456171804423E+02  2.49709654369421E+02
 2.55564190106414E+07  7.24265525405509E+02  2.33519773111937E+02
 2.60015956316527E+07  7.43501035171198E+02  2.14944560470836E+02
 2.64545269472405E+07  7.61824490891499E+02  1.93902831951498E+02
 2.69153480392692E+07  7.78856542908629E+02  1.70365276601957E+02
 2.73841963426436E+07  7.94184521212575E+02  1.44368427474147E+02
 2.78612116862978E+07  8.07374915898705E+02  1.16027848350758E+02
 2.83465363348968E+07  8.17990733148556E+02  8.55488966177576E+01
 2.88403150312661E+07  8.25613317682141E+02  5.32331747472167E+01
 2.93426950395597E+07  8.29867440812403E+02  1.94787948832885E+01
 2.98538261891796E+07  8.30447612832065E+02 -1.52270417233935E+01
 3.03738609194611E+07  8.27142876135411E+02 -5.03238627037096E+01
 3.09029543251360E+07  8.19856987640822E+02 -8.52017202168137E+01
 3.14412642025880E+07  8.09110825699976E+02 -1.20609656292651E+02
 3.19889510969141E+07  7.93934433439804E+02 -1.53229836045599E+02
 3.25461783498046E+07  7.75246468025379E+02 -1.83793332768081E+02
 3.31131121482591E+07  7.53442427360618E+02 -2.11807805670145E+02
 3.36899215741492E+07  7.28998620621527E+02 -2.36880973961234E+02
 3.42767786546451E+07  7.02442402166493E+02 -2.58733662543395E+02
 3.48738584135219E+07  6.74321433005783E+02 -2.77203176073656E+02
 3.54813389233576E+07  6.45175193547665E+02 -2.92237856067007E+02
 3.60994013586418E+07  6.15511180087115E+02 -3.03884687218931E+02
 3.67282300498084E+07  5.85787184588806E+02 -3.12272341612825E+02
 3.73680125382117E+07  5.56400034704277E+02 -3.17592090601173E+02
 3.80189396320562E+07  5.27680344029501E+02 -3.20078687860644E+02
 3.86812054633053E+07  4.99892281712679E+02 -3.19992793476796E+02
 3.93550075455778E+07  4.72711296898256E+02 -3.17905553762317E+02
 4.00405468330547E+07  4.47323803201446E+02 -3.13424783337655E+02
 4.07380277804113E+07  4.23314568542961E+02 -3.07174951674327E+02
 4.14476584037940E+07  4.00736456940651E+02 -2.99399745693975E+02
 4.21696503428583E+07  3.79608837137950E+02 -2.90322081706029E+02
 4.29042189238886E+07  3.59924871608608E+02 -2.80142074533000E+02
 4.36515832240167E+07  3.41657988066466E+02 -2.69036446924499E+02
 4.44119661365590E+07  3.24767436286512E+02 -2.57158971369075E+02
 4.51855944374923E+07  3.09202930436400E+02 -2.44641602818971E+02
 4.59726988530873E+07  2.94908438605415E+02 -2.31596031218216E+02
 4.67735141287199E+07  2.81563063982905E+02 -2.17968506691059E+02
 4.75882790988817E+07  2.69644318089457E+02 -2.04101736918380E+02
 4.84172367584100E+07  2.58820886279684E+02 -1.89938263181648E+02
 4.92606343349578E+07  2.49038140206315E+02 -1.75526326270875E+02
 5.01187233627273E+07  2.40245524905054E+02 -1.60902533288448E+02
 5.09917597574871E+07  2.32397401298734E+02 -1.46093247253684E+02
 5.18800038928962E+07  2.25453717529148E+02 -1.31115808880715E+02
 5.27837206781577E+07  2.19380574392523E+02 -1.15979594636187E+02
 5.37031796370255E+07  2.14150742650823E+02 -1.00686921580769E+02
 5.46386549881855E+07  2.09665223236594E+02 -8.49699193260876E+01
 5.55904257270404E+07  2.06082997403047E+02 -6.93236011330821E+01
 5.65587757089154E+07  2.03309242020359E+02 -5.34908937103447E+01
 5.75439937337157E+07  2.01349707299463E+02 -3.74522003029789E+01
 5.85463736320577E+07  2.00220548358930E+02 -2.11837169163599E+01
 5.95662143529013E+07  1.99949677972267E+02 -4.65786701329000E+00
 6.06038200527067E+07  2.00578490900357E+02  1.21562071482676E+01
 6.16595001861482E+07  2.02164063091424E+02  2.92920188683214E+01
 6.27335695984038E+07  2.04840255421015E+02  4.71289228528969E+01
 6.38263486190549E+07  2.08613196963262E+02  6.50446660145160E+01
 6.49381631576211E+07  2.13645002554802E+02  8.33904706106735E+01
 6.60693448007598E+07  2.20093394182692E+02  1.02196521547648E+02
 6.72202309111567E+07  2.28155975084712E+02  1.21484003659560E+02
 6.83911647281432E+07  2.38079343226684E+02  1.41258078146586E+02
 6.95824954700605E+07  2.50170290085216E+02  1.61497108794219E+02
 7.07945784384138E+07  2.65084607122586E+02  1.82569987689750E+02
 7.20277751238343E+07  2.82811191227396E+02  2.03508970272722E+02
 7.32824533138906E+07  3.04146190403934E+02  2.24472199842268E+02
 7.45589872027784E+07  3.29784742396014E+02  2.45050797119985E+02
 7.58577575029186E+07  3.60540650799363E+02  2.64582666682754E+02
 7.71791515585012E+07  3.97318816486636E+02  2.82027257305351E+02
 7.85235634610071E+07  4.41799738246506E+02  2.96143328890294E+02
 7.98913941667406E+07  4.93319447850307E+02  3.03804290659827E+02
 8.12830516164101E+07  5.52585839437602E+02  3.02068148154095E+02
 8.26989508567934E+07  6.18359507606053E+02  2.86618621919986E+02
 8.41395141645197E+07  6.87073496519933E+02  2.52599259373640E+02
 8.56051711720097E+07  7.52935334768138E+02  1.95270524952182E+02
 8.70963589956083E+07  8.03485352073577E+02  1.15018353628210E+02
 8.86135223659502E+07  8.28605632067543E+02  1.69500384401460E+01
 9.01571137605959E+07  8.20769941208112E+02 -8.68451601386657E+01
 9.17275935389781E+07  7.80389425490766E+02 -1.81331232294228E+02
 9.33254300796993E+07  7.15290183441198E+02 -2.55447307610368E+02
 9.49510999202200E+07  6.38608550996670E+02 -3.02229858295103E+02
 9.66050878989815E+07  5.60821497375578E+02 -3.24349759254213E+02
 9.82878873000034E+07  4.88927166209885E+02 -3.26844916247538E+02
 1.00000000000000E+08  4.26216478947603E+02 -3.15397149448263E+02
