 0.0000E+000	 1.3152E-014 0.0000E+000	 1.0000E+000
 6.2895E-003	 9.0258E-004 6.2895E-003	 9.9983E-001
 1.2579E-002	 1.7547E-003 1.2579E-002	 9.9930E-001
 1.8868E-002	 2.5504E-003 1.8868E-002	 9.9843E-001
 2.5158E-002	 3.2876E-003 2.5158E-002	 9.9721E-001
 3.1447E-002	 3.9686E-003 3.1447E-002	 9.9564E-001
 3.7737E-002	 4.6009E-003 3.7737E-002	 9.9372E-001
 4.4026E-002	 5.1975E-003 4.4026E-002	 9.9145E-001
 5.0316E-002	 5.7772E-003 5.0316E-002	 9.8882E-001
 5.6605E-002	 6.3640E-003 5.6605E-002	 9.8583E-001
 6.2895E-002	 6.9854E-003 6.2895E-002	 9.8248E-001
 6.9184E-002	 7.6700E-003 6.9184E-002	 9.7877E-001
 7.5474E-002	 8.4444E-003 7.5474E-002	 9.7470E-001
 8.1763E-002	 9.3300E-003 8.1763E-002	 9.7025E-001
 8.8053E-002	 1.0341E-002 8.8053E-002	 9.6544E-001
 9.4342E-002	 1.1484E-002 9.4342E-002	 9.6025E-001
 1.0063E-001	 1.2757E-002 1.0063E-001	 9.5468E-001
 1.0692E-001	 1.4151E-002 1.0692E-001	 9.4872E-001
 1.1321E-001	 1.5653E-002 1.1321E-001	 9.4238E-001
 1.1950E-001	 1.7246E-002 1.1950E-001	 9.3565E-001
 1.2579E-001	 1.8907E-002 1.2579E-001	 9.2853E-001
 1.3208E-001	 2.0614E-002 1.3208E-001	 9.2100E-001
 1.3837E-001	 2.2342E-002 1.3837E-001	 9.1307E-001
 1.4466E-001	 2.4067E-002 1.4466E-001	 9.0473E-001
 1.5095E-001	 2.5762E-002 1.5095E-001	 8.9598E-001
 1.5724E-001	 2.7402E-002 1.5724E-001	 8.8682E-001
 1.6353E-001	 2.8964E-002 1.6353E-001	 8.7723E-001
 1.6982E-001	 3.0422E-002 1.6982E-001	 8.6722E-001
 1.7611E-001	 3.1755E-002 1.7611E-001	 8.5678E-001
 1.8239E-001	 3.2943E-002 1.8239E-001	 8.4591E-001
 1.8868E-001	 3.3968E-002 1.8868E-001	 8.3461E-001
 1.9497E-001	 3.4817E-002 1.9497E-001	 8.2286E-001
 2.0126E-001	 3.5479E-002 2.0126E-001	 8.1068E-001
 2.0755E-001	 3.5949E-002 2.0755E-001	 7.9805E-001
 2.1384E-001	 3.6227E-002 2.1384E-001	 7.8497E-001
 2.2013E-001	 3.6319E-002 2.2013E-001	 7.7145E-001
 2.2642E-001	 3.6238E-002 2.2642E-001	 7.5748E-001
 2.3271E-001	 3.6008E-002 2.3271E-001	 7.4306E-001
 2.3900E-001	 3.5659E-002 2.3900E-001	 7.2820E-001
 2.4529E-001	 3.5236E-002 2.4529E-001	 7.1288E-001
 2.5158E-001	 3.4792E-002 2.5158E-001	 6.9712E-001
 2.5787E-001	 3.4394E-002 2.5787E-001	 6.8092E-001
 2.6416E-001	 3.4118E-002 2.6416E-001	 6.6427E-001
 2.7045E-001	 3.4046E-002 2.7045E-001	 6.4719E-001
 2.7674E-001	 3.4258E-002 2.7674E-001	 6.2968E-001
 2.8303E-001	 3.4828E-002 2.8303E-001	 6.1174E-001
 2.8932E-001	 3.5809E-002 2.8932E-001	 5.9337E-001
 2.9561E-001	 3.7226E-002 2.9561E-001	 5.7460E-001
 3.0189E-001	 3.9080E-002 3.0189E-001	 5.5542E-001
 3.0818E-001	 4.1344E-002 3.0818E-001	 5.3585E-001
 3.1447E-001	 4.3970E-002 3.1447E-001	 5.1590E-001
 3.2076E-001	 4.6898E-002 3.2076E-001	 4.9558E-001
 3.2705E-001	 5.0060E-002 3.2705E-001	 4.7490E-001
 3.3334E-001	 5.3387E-002 3.3334E-001	 4.5388E-001
 3.3963E-001	 5.6811E-002 3.3963E-001	 4.3254E-001
 3.4592E-001	 6.0265E-002 3.4592E-001	 4.1090E-001
 3.5221E-001	 6.3686E-002 3.5221E-001	 3.8897E-001
 3.5850E-001	 6.7015E-002 3.5850E-001	 3.6678E-001
 3.6479E-001	 7.0199E-002 3.6479E-001	 3.4436E-001
 3.7108E-001	 7.3185E-002 3.7108E-001	 3.2173E-001
 3.7737E-001	 7.5927E-002 3.7737E-001	 2.9891E-001
 3.8366E-001	 7.8384E-002 3.8366E-001	 2.7595E-001
 3.8995E-001	 8.0518E-002 3.8995E-001	 2.5288E-001
 3.9624E-001	 8.2297E-002 3.9624E-001	 2.2975E-001
 4.0253E-001	 8.3695E-002 4.0253E-001	 2.0660E-001
 4.0882E-001	 8.4691E-002 4.0882E-001	 1.8350E-001
 4.1511E-001	 8.5270E-002 4.1511E-001	 1.6053E-001
 4.2139E-001	 8.5425E-002 4.2139E-001	 1.3780E-001
 4.2768E-001	 8.5156E-002 4.2768E-001	 1.1551E-001
 4.3397E-001	 8.4473E-002 4.3397E-001	 9.3966E-002
 4.4026E-001	 8.3394E-002 4.4026E-001	 7.3780E-002
 4.4655E-001	 8.1948E-002 4.4655E-001	 5.6329E-002
 4.5284E-001	 8.0180E-002 4.5284E-001	 4.4705E-002
 4.5913E-001	 7.8145E-002 4.5913E-001	 4.3517E-002
 4.6542E-001	 7.5917E-002 4.6542E-001	 5.3146E-002
 4.7171E-001	 7.3590E-002 4.7171E-001	 6.8918E-002
 4.7800E-001	 7.1275E-002 4.7800E-001	 8.7297E-002
 4.8429E-001	 6.9108E-002 4.8429E-001	 1.0669E-001
 4.9058E-001	 6.7242E-002 4.9058E-001	 1.2638E-001
 4.9687E-001	 6.5842E-002 4.9687E-001	 1.4601E-001
 5.0316E-001	 6.5074E-002 5.0316E-001	 1.6539E-001
 5.0945E-001	 6.5085E-002 5.0945E-001	 1.8436E-001
 5.1574E-001	 6.5983E-002 5.1574E-001	 2.0283E-001
 5.2203E-001	 6.7819E-002 5.2203E-001	 2.2073E-001
 5.2832E-001	 7.0581E-002 5.2832E-001	 2.3798E-001
 5.3461E-001	 7.4204E-002 5.3461E-001	 2.5452E-001
 5.4089E-001	 7.8578E-002 5.4089E-001	 2.7030E-001
 5.4718E-001	 8.3574E-002 5.4718E-001	 2.8528E-001
 5.5347E-001	 8.9052E-002 5.5347E-001	 2.9940E-001
 5.5976E-001	 9.4874E-002 5.5976E-001	 3.1261E-001
 5.6605E-001	 1.0091E-001 5.6605E-001	 3.2489E-001
 5.7234E-001	 1.0705E-001 5.7234E-001	 3.3619E-001
 5.7863E-001	 1.1317E-001 5.7863E-001	 3.4647E-001
 5.8492E-001	 1.1918E-001 5.8492E-001	 3.5570E-001
 5.9121E-001	 1.2498E-001 5.9121E-001	 3.6385E-001
 5.9750E-001	 1.3051E-001 5.9750E-001	 3.7090E-001
 6.0379E-001	 1.3568E-001 6.0379E-001	 3.7682E-001
 6.1008E-001	 1.4043E-001 6.1008E-001	 3.8159E-001
 6.1637E-001	 1.4470E-001 6.1637E-001	 3.8519E-001
 6.2266E-001	 1.4845E-001 6.2266E-001	 3.8762E-001
 6.2895E-001	 1.5161E-001 6.2895E-001	 3.8887E-001
 6.3524E-001	 1.5416E-001 6.3524E-001	 3.8892E-001
 6.4153E-001	 1.5605E-001 6.4153E-001	 3.8779E-001
 6.4782E-001	 1.5728E-001 6.4782E-001	 3.8548E-001
 6.5411E-001	 1.5780E-001 6.5411E-001	 3.8200E-001
 6.6039E-001	 1.5762E-001 6.6039E-001	 3.7736E-001
 6.6668E-001	 1.5673E-001 6.6668E-001	 3.7160E-001
 6.7297E-001	 1.5513E-001 6.7297E-001	 3.6474E-001
 6.7926E-001	 1.5284E-001 6.7926E-001	 3.5683E-001
 6.8555E-001	 1.4986E-001 6.8555E-001	 3.4789E-001
 6.9184E-001	 1.4625E-001 6.9184E-001	 3.3799E-001
 6.9813E-001	 1.4203E-001 6.9813E-001	 3.2720E-001
 7.0442E-001	 1.3727E-001 7.0442E-001	 3.1557E-001
 7.1071E-001	 1.3203E-001 7.1071E-001	 3.0320E-001
 7.1700E-001	 1.2642E-001 7.1700E-001	 2.9018E-001
 7.2329E-001	 1.2054E-001 7.2329E-001	 2.7662E-001
 7.2958E-001	 1.1454E-001 7.2958E-001	 2.6266E-001
 7.3587E-001	 1.0860E-001 7.3587E-001	 2.4844E-001
 7.4216E-001	 1.0295E-001 7.4216E-001	 2.3416E-001
 7.4845E-001	 9.7848E-002 7.4845E-001	 2.2001E-001
 7.5474E-001	 9.3605E-002 7.5474E-001	 2.0627E-001
 7.6103E-001	 9.0553E-002 7.6103E-001	 1.9321E-001
 7.6732E-001	 8.9010E-002 7.6732E-001	 1.8120E-001
 7.7361E-001	 8.9224E-002 7.7361E-001	 1.7062E-001
 7.7989E-001	 9.1323E-002 7.7989E-001	 1.6190E-001
 7.8618E-001	 9.5284E-002 7.8618E-001	 1.5546E-001
 7.9247E-001	 1.0096E-001 7.9247E-001	 1.5164E-001
 7.9876E-001	 1.0811E-001 7.9876E-001	 1.5065E-001
 8.0505E-001	 1.1647E-001 8.0505E-001	 1.5248E-001
 8.1134E-001	 1.2577E-001 8.1134E-001	 1.5695E-001
 8.1763E-001	 1.3577E-001 8.1763E-001	 1.6369E-001
 8.2392E-001	 1.4626E-001 8.2392E-001	 1.7226E-001
 8.3021E-001	 1.5705E-001 8.3021E-001	 1.8221E-001
 8.3650E-001	 1.6800E-001 8.3650E-001	 1.9310E-001
 8.4279E-001	 1.7896E-001 8.4279E-001	 2.0454E-001
 8.4908E-001	 1.8982E-001 8.4908E-001	 2.1620E-001
 8.5537E-001	 2.0048E-001 8.5537E-001	 2.2780E-001
 8.6166E-001	 2.1084E-001 8.6166E-001	 2.3911E-001
 8.6795E-001	 2.2083E-001 8.6795E-001	 2.4992E-001
 8.7424E-001	 2.3037E-001 8.7424E-001	 2.6009E-001
 8.8053E-001	 2.3940E-001 8.8053E-001	 2.6945E-001
 8.8682E-001	 2.4784E-001 8.8682E-001	 2.7790E-001
 8.9311E-001	 2.5566E-001 8.9311E-001	 2.8534E-001
 8.9939E-001	 2.6280E-001 8.9939E-001	 2.9169E-001
 9.0568E-001	 2.6922E-001 9.0568E-001	 2.9688E-001
 9.1197E-001	 2.7487E-001 9.1197E-001	 3.0086E-001
 9.1826E-001	 2.7972E-001 9.1826E-001	 3.0360E-001
 9.2455E-001	 2.8374E-001 9.2455E-001	 3.0506E-001
 9.3084E-001	 2.8691E-001 9.3084E-001	 3.0525E-001
 9.3713E-001	 2.8919E-001 9.3713E-001	 3.0417E-001
 9.4342E-001	 2.9058E-001 9.4342E-001	 3.0183E-001
 9.4971E-001	 2.9105E-001 9.4971E-001	 2.9826E-001
 9.5600E-001	 2.9059E-001 9.5600E-001	 2.9352E-001
 9.6229E-001	 2.8920E-001 9.6229E-001	 2.8765E-001
 9.6858E-001	 2.8687E-001 9.6858E-001	 2.8074E-001
 9.7487E-001	 2.8360E-001 9.7487E-001	 2.7289E-001
 9.8116E-001	 2.7940E-001 9.8116E-001	 2.6419E-001
 9.8745E-001	 2.7426E-001 9.8745E-001	 2.5479E-001
 9.9374E-001	 2.6819E-001 9.9374E-001	 2.4485E-001
 1.0000E+000	 2.6122E-001 1.0000E+000	 2.3453E-001
 1.0063E+000	 2.5334E-001 1.0063E+000	 2.2406E-001
 1.0126E+000	 2.4459E-001 1.0126E+000	 2.1366E-001
 1.0189E+000	 2.3498E-001 1.0189E+000	 2.0362E-001
 1.0252E+000	 2.2453E-001 1.0252E+000	 1.9421E-001
 1.0315E+000	 2.1327E-001 1.0315E+000	 1.8578E-001
 1.0378E+000	 2.0123E-001 1.0378E+000	 1.7863E-001
 1.0441E+000	 1.8844E-001 1.0441E+000	 1.7309E-001
 1.0503E+000	 1.7495E-001 1.0503E+000	 1.6941E-001
 1.0566E+000	 1.6079E-001 1.0566E+000	 1.6776E-001
 1.0629E+000	 1.4601E-001 1.0629E+000	 1.6820E-001
 1.0692E+000	 1.3068E-001 1.0692E+000	 1.7063E-001
 1.0755E+000	 1.1488E-001 1.0755E+000	 1.7487E-001
 1.0818E+000	 9.8733E-002 1.0818E+000	 1.8063E-001
 1.0881E+000	 8.2438E-002 1.0881E+000	 1.8758E-001
 1.0944E+000	 6.6361E-002 1.0944E+000	 1.9536E-001
 1.1007E+000	 5.1295E-002 1.1007E+000	 2.0365E-001
 1.1069E+000	 3.9174E-002 1.1069E+000	 2.1214E-001
 1.1132E+000	 3.4146E-002 1.1132E+000	 2.2056E-001
 1.1195E+000	 3.9657E-002 1.1195E+000	 2.2867E-001
 1.1258E+000	 5.2892E-002 1.1258E+000	 2.3626E-001
 1.1321E+000	 6.9845E-002 1.1321E+000	 2.4316E-001
 1.1384E+000	 8.8586E-002 1.1384E+000	 2.4923E-001
 1.1447E+000	 1.0831E-001 1.1447E+000	 2.5435E-001
 1.1510E+000	 1.2866E-001 1.1510E+000	 2.5843E-001
 1.1573E+000	 1.4943E-001 1.1573E+000	 2.6140E-001
 1.1636E+000	 1.7049E-001 1.1636E+000	 2.6321E-001
 1.1698E+000	 1.9177E-001 1.1698E+000	 2.6384E-001
 1.1761E+000	 2.1320E-001 1.1761E+000	 2.6326E-001
 1.1824E+000	 2.3473E-001 1.1824E+000	 2.6150E-001
 1.1887E+000	 2.5631E-001 1.1887E+000	 2.5859E-001
 1.1950E+000	 2.7790E-001 1.1950E+000	 2.5458E-001
 1.2013E+000	 2.9948E-001 1.2013E+000	 2.4953E-001
 1.2076E+000	 3.2100E-001 1.2076E+000	 2.4355E-001
 1.2139E+000	 3.4244E-001 1.2139E+000	 2.3673E-001
 1.2202E+000	 3.6376E-001 1.2202E+000	 2.2923E-001
 1.2264E+000	 3.8495E-001 1.2264E+000	 2.2121E-001
 1.2327E+000	 4.0597E-001 1.2327E+000	 2.1284E-001
 1.2390E+000	 4.2681E-001 1.2390E+000	 2.0434E-001
 1.2453E+000	 4.4743E-001 1.2453E+000	 1.9595E-001
 1.2516E+000	 4.6783E-001 1.2516E+000	 1.8794E-001
 1.2579E+000	 4.8797E-001 1.2579E+000	 1.8058E-001
 1.2642E+000	 5.0785E-001 1.2642E+000	 1.7416E-001
 1.2705E+000	 5.2744E-001 1.2705E+000	 1.6895E-001
 1.2768E+000	 5.4673E-001 1.2768E+000	 1.6519E-001
 1.2831E+000	 5.6570E-001 1.2831E+000	 1.6304E-001
 1.2893E+000	 5.8434E-001 1.2893E+000	 1.6259E-001
 1.2956E+000	 6.0264E-001 1.2956E+000	 1.6381E-001
 1.3019E+000	 6.2058E-001 1.3019E+000	 1.6656E-001
 1.3082E+000	 6.3816E-001 1.3082E+000	 1.7064E-001
 1.3145E+000	 6.5536E-001 1.3145E+000	 1.7578E-001
 1.3208E+000	 6.7218E-001 1.3208E+000	 1.8168E-001
 1.3271E+000	 6.8861E-001 1.3271E+000	 1.8806E-001
 1.3334E+000	 7.0463E-001 1.3334E+000	 1.9462E-001
 1.3397E+000	 7.2025E-001 1.3397E+000	 2.0113E-001
 1.3459E+000	 7.3546E-001 1.3459E+000	 2.0735E-001
 1.3522E+000	 7.5025E-001 1.3522E+000	 2.1309E-001
 1.3585E+000	 7.6463E-001 1.3585E+000	 2.1819E-001
 1.3648E+000	 7.7858E-001 1.3648E+000	 2.2252E-001
 1.3711E+000	 7.9210E-001 1.3711E+000	 2.2597E-001
 1.3774E+000	 8.0519E-001 1.3774E+000	 2.2846E-001
 1.3837E+000	 8.1785E-001 1.3837E+000	 2.2993E-001
 1.3900E+000	 8.3008E-001 1.3900E+000	 2.3035E-001
 1.3963E+000	 8.4188E-001 1.3963E+000	 2.2970E-001
 1.4026E+000	 8.5324E-001 1.4026E+000	 2.2801E-001
 1.4088E+000	 8.6417E-001 1.4088E+000	 2.2528E-001
 1.4151E+000	 8.7466E-001 1.4151E+000	 2.2159E-001
 1.4214E+000	 8.8472E-001 1.4214E+000	 2.1700E-001
 1.4277E+000	 8.9435E-001 1.4277E+000	 2.1159E-001
 1.4340E+000	 9.0355E-001 1.4340E+000	 2.0550E-001
 1.4403E+000	 9.1232E-001 1.4403E+000	 1.9885E-001
 1.4466E+000	 9.2066E-001 1.4466E+000	 1.9181E-001
 1.4529E+000	 9.2857E-001 1.4529E+000	 1.8456E-001
 1.4592E+000	 9.3606E-001 1.4592E+000	 1.7730E-001
 1.4654E+000	 9.4312E-001 1.4654E+000	 1.7026E-001
 1.4717E+000	 9.4976E-001 1.4717E+000	 1.6368E-001
 1.4780E+000	 9.5598E-001 1.4780E+000	 1.5782E-001
 1.4843E+000	 9.6179E-001 1.4843E+000	 1.5291E-001
 1.4906E+000	 9.6717E-001 1.4906E+000	 1.4917E-001
 1.4969E+000	 9.7215E-001 1.4969E+000	 1.4675E-001
 1.5032E+000	 9.7671E-001 1.5032E+000	 1.4575E-001
 1.5095E+000	 9.8085E-001 1.5095E+000	 1.4616E-001
 1.5158E+000	 9.8459E-001 1.5158E+000	 1.4791E-001
 1.5221E+000	 9.8792E-001 1.5221E+000	 1.5083E-001
 1.5283E+000	 9.9085E-001 1.5283E+000	 1.5469E-001
 1.5346E+000	 9.9336E-001 1.5346E+000	 1.5927E-001
 1.5409E+000	 9.9548E-001 1.5409E+000	 1.6429E-001
 1.5472E+000	 9.9719E-001 1.5472E+000	 1.6953E-001
 1.5535E+000	 9.9849E-001 1.5535E+000	 1.7475E-001
 1.5598E+000	 9.9940E-001 1.5598E+000	 1.7975E-001
 1.5661E+000	 9.9990E-001 1.5661E+000	 1.8436E-001
 1.5724E+000	 1.0000E+000 1.5724E+000	 1.8843E-001
 1.5787E+000	 9.9970E-001 1.5787E+000	 1.9185E-001
 1.5849E+000	 9.9900E-001 1.5849E+000	 1.9452E-001
 1.5912E+000	 9.9789E-001 1.5912E+000	 1.9637E-001
 1.5975E+000	 9.9638E-001 1.5975E+000	 1.9736E-001
 1.6038E+000	 9.9447E-001 1.6038E+000	 1.9744E-001
 1.6101E+000	 9.9216E-001 1.6101E+000	 1.9662E-001
 1.6164E+000	 9.8943E-001 1.6164E+000	 1.9491E-001
 1.6227E+000	 9.8631E-001 1.6227E+000	 1.9232E-001
 1.6290E+000	 9.8277E-001 1.6290E+000	 1.8891E-001
 1.6353E+000	 9.7883E-001 1.6353E+000	 1.8475E-001
 1.6416E+000	 9.7448E-001 1.6416E+000	 1.7991E-001
 1.6478E+000	 9.6971E-001 1.6478E+000	 1.7449E-001
 1.6541E+000	 9.6453E-001 1.6541E+000	 1.6861E-001
 1.6604E+000	 9.5894E-001 1.6604E+000	 1.6241E-001
 1.6667E+000	 9.5292E-001 1.6667E+000	 1.5604E-001
 1.6730E+000	 9.4649E-001 1.6730E+000	 1.4968E-001
 1.6793E+000	 9.3964E-001 1.6793E+000	 1.4351E-001
 1.6856E+000	 9.3237E-001 1.6856E+000	 1.3774E-001
 1.6919E+000	 9.2467E-001 1.6919E+000	 1.3258E-001
 1.6982E+000	 9.1654E-001 1.6982E+000	 1.2823E-001
 1.7044E+000	 9.0799E-001 1.7044E+000	 1.2486E-001
 1.7107E+000	 8.9900E-001 1.7107E+000	 1.2261E-001
 1.7170E+000	 8.8959E-001 1.7170E+000	 1.2155E-001
 1.7233E+000	 8.7975E-001 1.7233E+000	 1.2169E-001
 1.7296E+000	 8.6947E-001 1.7296E+000	 1.2297E-001
 1.7359E+000	 8.5876E-001 1.7359E+000	 1.2523E-001
 1.7422E+000	 8.4761E-001 1.7422E+000	 1.2832E-001
 1.7485E+000	 8.3603E-001 1.7485E+000	 1.3202E-001
 1.7548E+000	 8.2402E-001 1.7548E+000	 1.3612E-001
 1.7611E+000	 8.1157E-001 1.7611E+000	 1.4042E-001
 1.7673E+000	 7.9870E-001 1.7673E+000	 1.4473E-001
 1.7736E+000	 7.8539E-001 1.7736E+000	 1.4889E-001
 1.7799E+000	 7.7165E-001 1.7799E+000	 1.5276E-001
 1.7862E+000	 7.5749E-001 1.7862E+000	 1.5622E-001
 1.7925E+000	 7.4291E-001 1.7925E+000	 1.5917E-001
 1.7988E+000	 7.2791E-001 1.7988E+000	 1.6153E-001
 1.8051E+000	 7.1249E-001 1.8051E+000	 1.6324E-001
 1.8114E+000	 6.9667E-001 1.8114E+000	 1.6427E-001
 1.8177E+000	 6.8044E-001 1.8177E+000	 1.6458E-001
 1.8239E+000	 6.6382E-001 1.8239E+000	 1.6416E-001
 1.8302E+000	 6.4681E-001 1.8302E+000	 1.6301E-001
 1.8365E+000	 6.2942E-001 1.8365E+000	 1.6115E-001
 1.8428E+000	 6.1166E-001 1.8428E+000	 1.5862E-001
 1.8491E+000	 5.9353E-001 1.8491E+000	 1.5544E-001
 1.8554E+000	 5.7506E-001 1.8554E+000	 1.5167E-001
 1.8617E+000	 5.5625E-001 1.8617E+000	 1.4737E-001
 1.8680E+000	 5.3712E-001 1.8680E+000	 1.4263E-001
 1.8743E+000	 5.1768E-001 1.8743E+000	 1.3753E-001
 1.8806E+000	 4.9795E-001 1.8806E+000	 1.3217E-001
 1.8868E+000	 4.7793E-001 1.8868E+000	 1.2667E-001
 1.8931E+000	 4.5766E-001 1.8931E+000	 1.2115E-001
 1.8994E+000	 4.3715E-001 1.8994E+000	 1.1576E-001
 1.9057E+000	 4.1642E-001 1.9057E+000	 1.1065E-001
 1.9120E+000	 3.9548E-001 1.9120E+000	 1.0598E-001
 1.9183E+000	 3.7438E-001 1.9183E+000	 1.0190E-001
 1.9246E+000	 3.5312E-001 1.9246E+000	 9.8576E-002
 1.9309E+000	 3.3173E-001 1.9309E+000	 9.6126E-002
 1.9372E+000	 3.1025E-001 1.9372E+000	 9.4639E-002
 1.9434E+000	 2.8870E-001 1.9434E+000	 9.4152E-002
 1.9497E+000	 2.6711E-001 1.9497E+000	 9.4643E-002
 1.9560E+000	 2.4551E-001 1.9560E+000	 9.6032E-002
 1.9623E+000	 2.2395E-001 1.9623E+000	 9.8200E-002
 1.9686E+000	 2.0247E-001 1.9686E+000	 1.0099E-001
 1.9749E+000	 1.8111E-001 1.9749E+000	 1.0425E-001
 1.9812E+000	 1.5993E-001 1.9812E+000	 1.0782E-001
 1.9875E+000	 1.3900E-001 1.9875E+000	 1.1154E-001
 1.9938E+000	 1.1842E-001 1.9938E+000	 1.1527E-001
 2.0001E+000	 9.8355E-002 2.0001E+000	 1.1891E-001
 2.0063E+000	 7.9057E-002 2.0063E+000	 1.2234E-001
 2.0126E+000	 6.1064E-002 2.0126E+000	 1.2549E-001
 2.0189E+000	 4.5611E-002 2.0189E+000	 1.2828E-001
 2.0252E+000	 3.5631E-002 2.0252E+000	 1.3066E-001
 2.0315E+000	 3.5443E-002 2.0315E+000	 1.3258E-001
 2.0378E+000	 4.4666E-002 2.0378E+000	 1.3402E-001
 2.0441E+000	 5.8621E-002 2.0441E+000	 1.3494E-001
 2.0504E+000	 7.4338E-002 2.0504E+000	 1.3534E-001
 2.0567E+000	 9.0587E-002 2.0567E+000	 1.3521E-001
 2.0629E+000	 1.0684E-001 2.0629E+000	 1.3455E-001
 2.0692E+000	 1.2283E-001 2.0692E+000	 1.3337E-001
 2.0755E+000	 1.3841E-001 2.0755E+000	 1.3169E-001
 2.0818E+000	 1.5347E-001 2.0818E+000	 1.2952E-001
 2.0881E+000	 1.6795E-001 2.0881E+000	 1.2691E-001
 2.0944E+000	 1.8178E-001 2.0944E+000	 1.2388E-001
 2.1007E+000	 1.9493E-001 2.1007E+000	 1.2048E-001
 2.1070E+000	 2.0735E-001 2.1070E+000	 1.1674E-001
 2.1133E+000	 2.1900E-001 2.1133E+000	 1.1273E-001
 2.1196E+000	 2.2986E-001 2.1196E+000	 1.0850E-001
 2.1258E+000	 2.3989E-001 2.1258E+000	 1.0413E-001
 2.1321E+000	 2.4908E-001 2.1321E+000	 9.9675E-002
 2.1384E+000	 2.5739E-001 2.1384E+000	 9.5231E-002
 2.1447E+000	 2.6482E-001 2.1447E+000	 9.0886E-002
 2.1510E+000	 2.7134E-001 2.1510E+000	 8.6738E-002
 2.1573E+000	 2.7694E-001 2.1573E+000	 8.2894E-002
 2.1636E+000	 2.8162E-001 2.1636E+000	 7.9463E-002
 2.1699E+000	 2.8535E-001 2.1699E+000	 7.6555E-002
 2.1762E+000	 2.8815E-001 2.1762E+000	 7.4271E-002
 2.1824E+000	 2.9001E-001 2.1824E+000	 7.2692E-002
 2.1887E+000	 2.9094E-001 2.1887E+000	 7.1872E-002
 2.1950E+000	 2.9093E-001 2.1950E+000	 7.1828E-002
 2.2013E+000	 2.9000E-001 2.2013E+000	 7.2537E-002
 2.2076E+000	 2.8816E-001 2.2076E+000	 7.3942E-002
 2.2139E+000	 2.8543E-001 2.2139E+000	 7.5954E-002
 2.2202E+000	 2.8184E-001 2.2202E+000	 7.8469E-002
 2.2265E+000	 2.7739E-001 2.2265E+000	 8.1379E-002
 2.2328E+000	 2.7214E-001 2.2328E+000	 8.4573E-002
 2.2391E+000	 2.6610E-001 2.2391E+000	 8.7952E-002
 2.2453E+000	 2.5932E-001 2.2453E+000	 9.1423E-002
 2.2516E+000	 2.5183E-001 2.2516E+000	 9.4907E-002
 2.2579E+000	 2.4370E-001 2.2579E+000	 9.8335E-002
 2.2642E+000	 2.3495E-001 2.2642E+000	 1.0165E-001
 2.2705E+000	 2.2566E-001 2.2705E+000	 1.0480E-001
 2.2768E+000	 2.1589E-001 2.2768E+000	 1.0774E-001
 2.2831E+000	 2.0570E-001 2.2831E+000	 1.1044E-001
 2.2894E+000	 1.9518E-001 2.2894E+000	 1.1287E-001
 2.2957E+000	 1.8441E-001 2.2957E+000	 1.1501E-001
 2.3019E+000	 1.7348E-001 2.3019E+000	 1.1683E-001
 2.3082E+000	 1.6251E-001 2.3082E+000	 1.1834E-001
 2.3145E+000	 1.5163E-001 2.3145E+000	 1.1951E-001
 2.3208E+000	 1.4096E-001 2.3208E+000	 1.2034E-001
 2.3271E+000	 1.3069E-001 2.3271E+000	 1.2083E-001
 2.3334E+000	 1.2101E-001 2.3334E+000	 1.2097E-001
 2.3397E+000	 1.1215E-001 2.3397E+000	 1.2078E-001
 2.3460E+000	 1.0437E-001 2.3460E+000	 1.2026E-001
 2.3523E+000	 9.7921E-002 2.3523E+000	 1.1941E-001
 2.3586E+000	 9.3077E-002 2.3586E+000	 1.1824E-001
 2.3648E+000	 9.0036E-002 2.3648E+000	 1.1678E-001
 2.3711E+000	 8.8886E-002 2.3711E+000	 1.1503E-001
 2.3774E+000	 8.9575E-002 2.3774E+000	 1.1301E-001
 2.3837E+000	 9.1910E-002 2.3837E+000	 1.1074E-001
 2.3900E+000	 9.5599E-002 2.3900E+000	 1.0824E-001
 2.3963E+000	 1.0031E-001 2.3963E+000	 1.0554E-001
 2.4026E+000	 1.0573E-001 2.4026E+000	 1.0267E-001
 2.4089E+000	 1.1155E-001 2.4089E+000	 9.9648E-002
 2.4152E+000	 1.1754E-001 2.4152E+000	 9.6511E-002
 2.4214E+000	 1.2350E-001 2.4214E+000	 9.3295E-002
 2.4277E+000	 1.2926E-001 2.4277E+000	 9.0036E-002
 2.4340E+000	 1.3470E-001 2.4340E+000	 8.6777E-002
 2.4403E+000	 1.3971E-001 2.4403E+000	 8.3562E-002
 2.4466E+000	 1.4421E-001 2.4466E+000	 8.0442E-002
 2.4529E+000	 1.4813E-001 2.4529E+000	 7.7467E-002
 2.4592E+000	 1.5143E-001 2.4592E+000	 7.4694E-002
 2.4655E+000	 1.5407E-001 2.4655E+000	 7.2178E-002
 2.4718E+000	 1.5602E-001 2.4718E+000	 6.9979E-002
 2.4781E+000	 1.5727E-001 2.4781E+000	 6.8149E-002
 2.4843E+000	 1.5780E-001 2.4843E+000	 6.6738E-002
 2.4906E+000	 1.5763E-001 2.4906E+000	 6.5785E-002
 2.4969E+000	 1.5675E-001 2.4969E+000	 6.5316E-002
 2.5032E+000	 1.5519E-001 2.5032E+000	 6.5341E-002
 2.5095E+000	 1.5296E-001 2.5095E+000	 6.5853E-002
 2.5158E+000	 1.5010E-001 2.5158E+000	 6.6830E-002
 2.5221E+000	 1.4664E-001 2.5221E+000	 6.8235E-002
 2.5284E+000	 1.4263E-001 2.5284E+000	 7.0022E-002
 2.5347E+000	 1.3811E-001 2.5347E+000	 7.2138E-002
 2.5409E+000	 1.3314E-001 2.5409E+000	 7.4529E-002
 2.5472E+000	 1.2779E-001 2.5472E+000	 7.7140E-002
 2.5535E+000	 1.2211E-001 2.5535E+000	 7.9920E-002
 2.5598E+000	 1.1619E-001 2.5598E+000	 8.2821E-002
 2.5661E+000	 1.1011E-001 2.5661E+000	 8.5798E-002
 2.5724E+000	 1.0397E-001 2.5724E+000	 8.8813E-002
 2.5787E+000	 9.7874E-002 2.5787E+000	 9.1832E-002
 2.5850E+000	 9.1928E-002 2.5850E+000	 9.4823E-002
 2.5913E+000	 8.6261E-002 2.5913E+000	 9.7761E-002
 2.5976E+000	 8.1007E-002 2.5976E+000	 1.0062E-001
 2.6038E+000	 7.6305E-002 2.6038E+000	 1.0339E-001
 2.6101E+000	 7.2291E-002 2.6101E+000	 1.0604E-001
 2.6164E+000	 6.9087E-002 2.6164E+000	 1.0856E-001
 2.6227E+000	 6.6783E-002 2.6227E+000	 1.1094E-001
 2.6290E+000	 6.5419E-002 2.6290E+000	 1.1317E-001
 2.6353E+000	 6.4975E-002 2.6353E+000	 1.1524E-001
 2.6416E+000	 6.5369E-002 2.6416E+000	 1.1714E-001
 2.6479E+000	 6.6473E-002 2.6479E+000	 1.1887E-001
 2.6542E+000	 6.8127E-002 2.6542E+000	 1.2042E-001
 2.6604E+000	 7.0164E-002 2.6604E+000	 1.2178E-001
 2.6667E+000	 7.2423E-002 2.6667E+000	 1.2297E-001
 2.6730E+000	 7.4759E-002 2.6730E+000	 1.2397E-001
 2.6793E+000	 7.7050E-002 2.6793E+000	 1.2478E-001
 2.6856E+000	 7.9191E-002 2.6856E+000	 1.2541E-001
 2.6919E+000	 8.1101E-002 2.6919E+000	 1.2586E-001
 2.6982E+000	 8.2714E-002 2.6982E+000	 1.2612E-001
 2.7045E+000	 8.3981E-002 2.7045E+000	 1.2621E-001
 2.7108E+000	 8.4865E-002 2.7108E+000	 1.2612E-001
 2.7171E+000	 8.5343E-002 2.7171E+000	 1.2585E-001
 2.7233E+000	 8.5401E-002 2.7233E+000	 1.2542E-001
 2.7296E+000	 8.5033E-002 2.7296E+000	 1.2483E-001
 2.7359E+000	 8.4244E-002 2.7359E+000	 1.2408E-001
 2.7422E+000	 8.3045E-002 2.7422E+000	 1.2317E-001
 2.7485E+000	 8.1454E-002 2.7485E+000	 1.2212E-001
 2.7548E+000	 7.9493E-002 2.7548E+000	 1.2092E-001
 2.7611E+000	 7.7193E-002 2.7611E+000	 1.1959E-001
 2.7674E+000	 7.4589E-002 2.7674E+000	 1.1813E-001
 2.7737E+000	 7.1719E-002 2.7737E+000	 1.1655E-001
 2.7799E+000	 6.8629E-002 2.7799E+000	 1.1485E-001
 2.7862E+000	 6.5366E-002 2.7862E+000	 1.1304E-001
 2.7925E+000	 6.1983E-002 2.7925E+000	 1.1113E-001
 2.7988E+000	 5.8538E-002 2.7988E+000	 1.0912E-001
 2.8051E+000	 5.5091E-002 2.8051E+000	 1.0703E-001
 2.8114E+000	 5.1707E-002 2.8114E+000	 1.0485E-001
 2.8177E+000	 4.8454E-002 2.8177E+000	 1.0259E-001
 2.8240E+000	 4.5400E-002 2.8240E+000	 1.0027E-001
 2.8303E+000	 4.2615E-002 2.8303E+000	 9.7889E-002
 2.8366E+000	 4.0164E-002 2.8366E+000	 9.5452E-002
 2.8428E+000	 3.8100E-002 2.8428E+000	 9.2967E-002
 2.8491E+000	 3.6462E-002 2.8491E+000	 9.0441E-002
 2.8554E+000	 3.5265E-002 2.8554E+000	 8.7880E-002
 2.8617E+000	 3.4495E-002 2.8617E+000	 8.5291E-002
 2.8680E+000	 3.4112E-002 2.8680E+000	 8.2681E-002
 2.8743E+000	 3.4051E-002 2.8743E+000	 8.0055E-002
 2.8806E+000	 3.4236E-002 2.8806E+000	 7.7420E-002
 2.8869E+000	 3.4583E-002 2.8869E+000	 7.4781E-002
 2.8932E+000	 3.5013E-002 2.8932E+000	 7.2145E-002
 2.8994E+000	 3.5454E-002 2.8994E+000	 6.9517E-002
 2.9057E+000	 3.5846E-002 2.9057E+000	 6.6903E-002
 2.9120E+000	 3.6140E-002 2.9120E+000	 6.4307E-002
 2.9183E+000	 3.6299E-002 2.9183E+000	 6.1737E-002
 2.9246E+000	 3.6296E-002 2.9246E+000	 5.9196E-002
 2.9309E+000	 3.6112E-002 2.9309E+000	 5.6689E-002
 2.9372E+000	 3.5739E-002 2.9372E+000	 5.4223E-002
 2.9435E+000	 3.5172E-002 2.9435E+000	 5.1800E-002
 2.9498E+000	 3.4415E-002 2.9498E+000	 4.9426E-002
 2.9561E+000	 3.3477E-002 2.9561E+000	 4.7106E-002
 2.9623E+000	 3.2368E-002 2.9623E+000	 4.4844E-002
 2.9686E+000	 3.1105E-002 2.9686E+000	 4.2644E-002
 2.9749E+000	 2.9707E-002 2.9749E+000	 4.0510E-002
 2.9812E+000	 2.8195E-002 2.9812E+000	 3.8447E-002
 2.9875E+000	 2.6591E-002 2.9875E+000	 3.6458E-002
 2.9938E+000	 2.4919E-002 2.9938E+000	 3.4548E-002
 3.0001E+000	 2.3206E-002 3.0001E+000	 3.2720E-002
 3.0064E+000	 2.1477E-002 3.0064E+000	 3.0977E-002
 3.0127E+000	 1.9756E-002 3.0127E+000	 2.9323E-002
 3.0189E+000	 1.8069E-002 3.0189E+000	 2.7762E-002
 3.0252E+000	 1.6439E-002 3.0252E+000	 2.6295E-002
 3.0315E+000	 1.4890E-002 3.0315E+000	 2.4926E-002
 3.0378E+000	 1.3439E-002 3.0378E+000	 2.3656E-002
 3.0441E+000	 1.2104E-002 3.0441E+000	 2.2487E-002
 3.0504E+000	 1.0896E-002 3.0504E+000	 2.1420E-002
 3.0567E+000	 9.8193E-003 3.0567E+000	 2.0453E-002
 3.0630E+000	 8.8722E-003 3.0630E+000	 1.9586E-002
 3.0693E+000	 8.0445E-003 3.0693E+000	 1.8817E-002
 3.0756E+000	 7.3181E-003 3.0756E+000	 1.8143E-002
 3.0818E+000	 6.6686E-003 3.0818E+000	 1.7558E-002
 3.0881E+000	 6.0680E-003 3.0881E+000	 1.7058E-002
 3.0944E+000	 5.4880E-003 3.0944E+000	 1.6636E-002
 3.1007E+000	 4.9026E-003 3.1007E+000	 1.6286E-002
 3.1070E+000	 4.2902E-003 3.1070E+000	 1.6002E-002
 3.1133E+000	 3.6348E-003 3.1133E+000	 1.5776E-002
 3.1196E+000	 2.9263E-003 3.1196E+000	 1.5604E-002
 3.1259E+000	 2.1598E-003 3.1259E+000	 1.5480E-002
 3.1322E+000	 1.3354E-003 3.1322E+000	 1.5399E-002
 3.1384E+000	 4.5712E-004 3.1384E+000	 1.5359E-002
 3.1447E+000	 4.6758E-004 3.1447E+000	 1.5359E-002
 3.1510E+000	 1.4287E-003 3.1510E+000	 1.5399E-002
 3.1573E+000	 2.4143E-003 3.1573E+000	 1.5480E-002
 3.1636E+000	 3.4111E-003 3.1636E+000	 1.5604E-002
 3.1699E+000	 4.4050E-003 3.1699E+000	 1.5776E-002
 3.1762E+000	 5.3815E-003 3.1762E+000	 1.6002E-002
 3.1825E+000	 6.3264E-003 3.1825E+000	 1.6286E-002
 3.1888E+000	 7.2262E-003 3.1888E+000	 1.6636E-002
 3.1951E+000	 8.0683E-003 3.1951E+000	 1.7058E-002
 3.2013E+000	 8.8419E-003 3.2013E+000	 1.7558E-002
 3.2076E+000	 9.5381E-003 3.2076E+000	 1.8143E-002
 3.2139E+000	 1.0150E-002 3.2139E+000	 1.8817E-002
 3.2202E+000	 1.0675E-002 3.2202E+000	 1.9586E-002
 3.2265E+000	 1.1112E-002 3.2265E+000	 2.0453E-002
 3.2328E+000	 1.1466E-002 3.2328E+000	 2.1420E-002
 3.2391E+000	 1.1744E-002 3.2391E+000	 2.2487E-002
 3.2454E+000	 1.1961E-002 3.2454E+000	 2.3656E-002
 3.2517E+000	 1.2135E-002 3.2517E+000	 2.4926E-002
 3.2579E+000	 1.2290E-002 3.2579E+000	 2.6295E-002
 3.2642E+000	 1.2455E-002 3.2642E+000	 2.7762E-002
 3.2705E+000	 1.2663E-002 3.2705E+000	 2.9323E-002
 3.2768E+000	 1.2948E-002 3.2768E+000	 3.0977E-002
 3.2831E+000	 1.3340E-002 3.2831E+000	 3.2720E-002
 3.2894E+000	 1.3866E-002 3.2894E+000	 3.4548E-002
 3.2957E+000	 1.4543E-002 3.2957E+000	 3.6458E-002
 3.3020E+000	 1.5376E-002 3.3020E+000	 3.8447E-002
 3.3083E+000	 1.6360E-002 3.3083E+000	 4.0510E-002
 3.3146E+000	 1.7482E-002 3.3146E+000	 4.2644E-002
 3.3208E+000	 1.8722E-002 3.3208E+000	 4.4844E-002
 3.3271E+000	 2.0054E-002 3.3271E+000	 4.7106E-002
 3.3334E+000	 2.1453E-002 3.3334E+000	 4.9426E-002
 3.3397E+000	 2.2889E-002 3.3397E+000	 5.1800E-002
 3.3460E+000	 2.4336E-002 3.3460E+000	 5.4223E-002
 3.3523E+000	 2.5767E-002 3.3523E+000	 5.6689E-002
 3.3586E+000	 2.7157E-002 3.3586E+000	 5.9196E-002
 3.3649E+000	 2.8481E-002 3.3649E+000	 6.1737E-002
 3.3712E+000	 2.9718E-002 3.3712E+000	 6.4307E-002
 3.3774E+000	 3.0848E-002 3.3774E+000	 6.6903E-002
 3.3837E+000	 3.1853E-002 3.3837E+000	 6.9517E-002
 3.3900E+000	 3.2719E-002 3.3900E+000	 7.2145E-002
 3.3963E+000	 3.3431E-002 3.3963E+000	 7.4781E-002
 3.4026E+000	 3.3981E-002 3.4026E+000	 7.7420E-002
 3.4089E+000	 3.4360E-002 3.4089E+000	 8.0055E-002
 3.4152E+000	 3.4566E-002 3.4152E+000	 8.2681E-002
 3.4215E+000	 3.4598E-002 3.4215E+000	 8.5291E-002
 3.4278E+000	 3.4458E-002 3.4278E+000	 8.7880E-002
 3.4341E+000	 3.4155E-002 3.4341E+000	 9.0441E-002
 3.4403E+000	 3.3700E-002 3.4403E+000	 9.2967E-002
 3.4466E+000	 3.3110E-002 3.4466E+000	 9.5452E-002
 3.4529E+000	 3.2406E-002 3.4529E+000	 9.7889E-002
 3.4592E+000	 3.1618E-002 3.4592E+000	 1.0027E-001
 3.4655E+000	 3.0778E-002 3.4655E+000	 1.0259E-001
 3.4718E+000	 2.9928E-002 3.4718E+000	 1.0485E-001
 3.4781E+000	 2.9114E-002 3.4781E+000	 1.0703E-001
 3.4844E+000	 2.8389E-002 3.4844E+000	 1.0912E-001
 3.4907E+000	 2.7808E-002 3.4907E+000	 1.1113E-001
 3.4969E+000	 2.7426E-002 3.4969E+000	 1.1304E-001
 3.5032E+000	 2.7294E-002 3.5032E+000	 1.1485E-001
 3.5095E+000	 2.7448E-002 3.5095E+000	 1.1655E-001
 3.5158E+000	 2.7909E-002 3.5158E+000	 1.1813E-001
 3.5221E+000	 2.8679E-002 3.5221E+000	 1.1959E-001
 3.5284E+000	 2.9741E-002 3.5284E+000	 1.2092E-001
 3.5347E+000	 3.1063E-002 3.5347E+000	 1.2212E-001
 3.5410E+000	 3.2601E-002 3.5410E+000	 1.2317E-001
 3.5473E+000	 3.4308E-002 3.5473E+000	 1.2408E-001
 3.5536E+000	 3.6135E-002 3.5536E+000	 1.2483E-001
 3.5598E+000	 3.8033E-002 3.5598E+000	 1.2542E-001
 3.5661E+000	 3.9959E-002 3.5661E+000	 1.2585E-001
 3.5724E+000	 4.1871E-002 3.5724E+000	 1.2612E-001
 3.5787E+000	 4.3733E-002 3.5787E+000	 1.2621E-001
 3.5850E+000	 4.5512E-002 3.5850E+000	 1.2612E-001
 3.5913E+000	 4.7180E-002 3.5913E+000	 1.2586E-001
 3.5976E+000	 4.8710E-002 3.5976E+000	 1.2541E-001
 3.6039E+000	 5.0081E-002 3.6039E+000	 1.2478E-001
 3.6102E+000	 5.1275E-002 3.6102E+000	 1.2397E-001
 3.6164E+000	 5.2276E-002 3.6164E+000	 1.2297E-001
 3.6227E+000	 5.3072E-002 3.6227E+000	 1.2178E-001
 3.6290E+000	 5.3653E-002 3.6290E+000	 1.2042E-001
 3.6353E+000	 5.4014E-002 3.6353E+000	 1.1887E-001
 3.6416E+000	 5.4151E-002 3.6416E+000	 1.1714E-001
 3.6479E+000	 5.4064E-002 3.6479E+000	 1.1524E-001
 3.6542E+000	 5.3755E-002 3.6542E+000	 1.1317E-001
 3.6605E+000	 5.3230E-002 3.6605E+000	 1.1094E-001
 3.6668E+000	 5.2499E-002 3.6668E+000	 1.0856E-001
 3.6731E+000	 5.1575E-002 3.6731E+000	 1.0604E-001
 3.6793E+000	 5.0472E-002 3.6793E+000	 1.0339E-001
 3.6856E+000	 4.9213E-002 3.6856E+000	 1.0062E-001
 3.6919E+000	 4.7821E-002 3.6919E+000	 9.7761E-002
 3.6982E+000	 4.6325E-002 3.6982E+000	 9.4823E-002
 3.7045E+000	 4.4761E-002 3.7045E+000	 9.1832E-002
 3.7108E+000	 4.3168E-002 3.7108E+000	 8.8813E-002
 3.7171E+000	 4.1593E-002 3.7171E+000	 8.5798E-002
 3.7234E+000	 4.0088E-002 3.7234E+000	 8.2821E-002
 3.7297E+000	 3.8710E-002 3.7297E+000	 7.9920E-002
 3.7359E+000	 3.7521E-002 3.7359E+000	 7.7140E-002
 3.7422E+000	 3.6584E-002 3.7422E+000	 7.4529E-002
 3.7485E+000	 3.5956E-002 3.7485E+000	 7.2138E-002
 3.7548E+000	 3.5686E-002 3.7548E+000	 7.0022E-002
 3.7611E+000	 3.5807E-002 3.7611E+000	 6.8235E-002
 3.7674E+000	 3.6330E-002 3.7674E+000	 6.6830E-002
 3.7737E+000	 3.7246E-002 3.7737E+000	 6.5853E-002
 3.7800E+000	 3.8527E-002 3.7800E+000	 6.5341E-002
 3.7863E+000	 4.0129E-002 3.7863E+000	 6.5316E-002
 3.7926E+000	 4.2002E-002 3.7926E+000	 6.5785E-002
 3.7988E+000	 4.4089E-002 3.7988E+000	 6.6738E-002
 3.8051E+000	 4.6338E-002 3.8051E+000	 6.8149E-002
 3.8114E+000	 4.8696E-002 3.8114E+000	 6.9979E-002
 3.8177E+000	 5.1117E-002 3.8177E+000	 7.2178E-002
 3.8240E+000	 5.3559E-002 3.8240E+000	 7.4694E-002
 3.8303E+000	 5.5985E-002 3.8303E+000	 7.7467E-002
 3.8366E+000	 5.8362E-002 3.8366E+000	 8.0442E-002
 3.8429E+000	 6.0661E-002 3.8429E+000	 8.3562E-002
 3.8492E+000	 6.2858E-002 3.8492E+000	 8.6777E-002
 3.8554E+000	 6.4929E-002 3.8554E+000	 9.0036E-002
 3.8617E+000	 6.6855E-002 3.8617E+000	 9.3295E-002
 3.8680E+000	 6.8622E-002 3.8680E+000	 9.6511E-002
 3.8743E+000	 7.0213E-002 3.8743E+000	 9.9648E-002
 3.8806E+000	 7.1619E-002 3.8806E+000	 1.0267E-001
 3.8869E+000	 7.2828E-002 3.8869E+000	 1.0554E-001
 3.8932E+000	 7.3833E-002 3.8932E+000	 1.0824E-001
 3.8995E+000	 7.4629E-002 3.8995E+000	 1.1074E-001
 3.9058E+000	 7.5212E-002 3.9058E+000	 1.1301E-001
 3.9121E+000	 7.5578E-002 3.9121E+000	 1.1503E-001
 3.9183E+000	 7.5729E-002 3.9183E+000	 1.1678E-001
 3.9246E+000	 7.5665E-002 3.9246E+000	 1.1824E-001
 3.9309E+000	 7.5389E-002 3.9309E+000	 1.1941E-001
 3.9372E+000	 7.4906E-002 3.9372E+000	 1.2026E-001
 3.9435E+000	 7.4222E-002 3.9435E+000	 1.2078E-001
 3.9498E+000	 7.3345E-002 3.9498E+000	 1.2097E-001
 3.9561E+000	 7.2287E-002 3.9561E+000	 1.2083E-001
 3.9624E+000	 7.1058E-002 3.9624E+000	 1.2034E-001
 3.9687E+000	 6.9673E-002 3.9687E+000	 1.1951E-001
 3.9749E+000	 6.8148E-002 3.9749E+000	 1.1834E-001
 3.9812E+000	 6.6501E-002 3.9812E+000	 1.1683E-001
 3.9875E+000	 6.4755E-002 3.9875E+000	 1.1501E-001
 3.9938E+000	 6.2932E-002 3.9938E+000	 1.1287E-001
 4.0001E+000	 6.1060E-002 4.0001E+000	 1.1044E-001
 4.0064E+000	 5.9168E-002 4.0064E+000	 1.0774E-001
 4.0127E+000	 5.7292E-002 4.0127E+000	 1.0480E-001
 4.0190E+000	 5.5467E-002 4.0190E+000	 1.0165E-001
 4.0253E+000	 5.3734E-002 4.0253E+000	 9.8335E-002
 4.0316E+000	 5.2137E-002 4.0316E+000	 9.4907E-002
 4.0378E+000	 5.0722E-002 4.0378E+000	 9.1423E-002
 4.0441E+000	 4.9533E-002 4.0441E+000	 8.7952E-002
 4.0504E+000	 4.8616E-002 4.0504E+000	 8.4573E-002
 4.0567E+000	 4.8009E-002 4.0567E+000	 8.1379E-002
 4.0630E+000	 4.7745E-002 4.0630E+000	 7.8469E-002
 4.0693E+000	 4.7844E-002 4.0693E+000	 7.5954E-002
 4.0756E+000	 4.8314E-002 4.0756E+000	 7.3942E-002
 4.0819E+000	 4.9152E-002 4.0819E+000	 7.2537E-002
 4.0882E+000	 5.0340E-002 4.0882E+000	 7.1828E-002
 4.0944E+000	 5.1851E-002 4.0944E+000	 7.1872E-002
 4.1007E+000	 5.3651E-002 4.1007E+000	 7.2692E-002
 4.1070E+000	 5.5704E-002 4.1070E+000	 7.4271E-002
 4.1133E+000	 5.7967E-002 4.1133E+000	 7.6555E-002
 4.1196E+000	 6.0403E-002 4.1196E+000	 7.9463E-002
 4.1259E+000	 6.2974E-002 4.1259E+000	 8.2894E-002
 4.1322E+000	 6.5645E-002 4.1322E+000	 8.6738E-002
 4.1385E+000	 6.8383E-002 4.1385E+000	 9.0886E-002
 4.1448E+000	 7.1159E-002 4.1448E+000	 9.5231E-002
 4.1511E+000	 7.3948E-002 4.1511E+000	 9.9675E-002
 4.1573E+000	 7.6726E-002 4.1573E+000	 1.0413E-001
 4.1636E+000	 7.9473E-002 4.1636E+000	 1.0850E-001
 4.1699E+000	 8.2168E-002 4.1699E+000	 1.1273E-001
 4.1762E+000	 8.4797E-002 4.1762E+000	 1.1674E-001
 4.1825E+000	 8.7345E-002 4.1825E+000	 1.2048E-001
 4.1888E+000	 8.9798E-002 4.1888E+000	 1.2388E-001
 4.1951E+000	 9.2146E-002 4.1951E+000	 1.2691E-001
 4.2014E+000	 9.4378E-002 4.2014E+000	 1.2952E-001
 4.2077E+000	 9.6486E-002 4.2077E+000	 1.3169E-001
 4.2139E+000	 9.8462E-002 4.2139E+000	 1.3337E-001
 4.2202E+000	 1.0030E-001 4.2202E+000	 1.3455E-001
 4.2265E+000	 1.0199E-001 4.2265E+000	 1.3521E-001
 4.2328E+000	 1.0354E-001 4.2328E+000	 1.3534E-001
 4.2391E+000	 1.0493E-001 4.2391E+000	 1.3494E-001
 4.2454E+000	 1.0617E-001 4.2454E+000	 1.3402E-001
 4.2517E+000	 1.0726E-001 4.2517E+000	 1.3258E-001
 4.2580E+000	 1.0818E-001 4.2580E+000	 1.3066E-001
 4.2643E+000	 1.0895E-001 4.2643E+000	 1.2828E-001
 4.2706E+000	 1.0955E-001 4.2706E+000	 1.2549E-001
 4.2768E+000	 1.1000E-001 4.2768E+000	 1.2234E-001
 4.2831E+000	 1.1029E-001 4.2831E+000	 1.1891E-001
 4.2894E+000	 1.1043E-001 4.2894E+000	 1.1527E-001
 4.2957E+000	 1.1041E-001 4.2957E+000	 1.1154E-001
 4.3020E+000	 1.1024E-001 4.3020E+000	 1.0782E-001
 4.3083E+000	 1.0993E-001 4.3083E+000	 1.0425E-001
 4.3146E+000	 1.0947E-001 4.3146E+000	 1.0099E-001
 4.3209E+000	 1.0886E-001 4.3209E+000	 9.8200E-002
 4.3272E+000	 1.0813E-001 4.3272E+000	 9.6032E-002
 4.3334E+000	 1.0726E-001 4.3334E+000	 9.4643E-002
 4.3397E+000	 1.0626E-001 4.3397E+000	 9.4152E-002
 4.3460E+000	 1.0514E-001 4.3460E+000	 9.4639E-002
 4.3523E+000	 1.0390E-001 4.3523E+000	 9.6126E-002
 4.3586E+000	 1.0254E-001 4.3586E+000	 9.8576E-002
 4.3649E+000	 1.0109E-001 4.3649E+000	 1.0190E-001
 4.3712E+000	 9.9526E-002 4.3712E+000	 1.0598E-001
 4.3775E+000	 9.7870E-002 4.3775E+000	 1.1065E-001
 4.3838E+000	 9.6125E-002 4.3838E+000	 1.1576E-001
 4.3901E+000	 9.4297E-002 4.3901E+000	 1.2115E-001
 4.3963E+000	 9.2391E-002 4.3963E+000	 1.2667E-001
 4.4026E+000	 9.0414E-002 4.4026E+000	 1.3217E-001
 4.4089E+000	 8.8371E-002 4.4089E+000	 1.3753E-001
 4.4152E+000	 8.6270E-002 4.4152E+000	 1.4263E-001
 4.4215E+000	 8.4115E-002 4.4215E+000	 1.4737E-001
 4.4278E+000	 8.1914E-002 4.4278E+000	 1.5167E-001
 4.4341E+000	 7.9672E-002 4.4341E+000	 1.5544E-001
 4.4404E+000	 7.7396E-002 4.4404E+000	 1.5862E-001
 4.4467E+000	 7.5092E-002 4.4467E+000	 1.6115E-001
 4.4529E+000	 7.2765E-002 4.4529E+000	 1.6301E-001
 4.4592E+000	 7.0421E-002 4.4592E+000	 1.6416E-001
 4.4655E+000	 6.8067E-002 4.4655E+000	 1.6458E-001
 4.4718E+000	 6.5708E-002 4.4718E+000	 1.6427E-001
 4.4781E+000	 6.3349E-002 4.4781E+000	 1.6324E-001
 4.4844E+000	 6.0997E-002 4.4844E+000	 1.6153E-001
 4.4907E+000	 5.8657E-002 4.4907E+000	 1.5917E-001
 4.4970E+000	 5.6335E-002 4.4970E+000	 1.5622E-001
 4.5033E+000	 5.4035E-002 4.5033E+000	 1.5276E-001
 4.5096E+000	 5.1763E-002 4.5096E+000	 1.4889E-001
 4.5158E+000	 4.9524E-002 4.5158E+000	 1.4473E-001
 4.5221E+000	 4.7324E-002 4.5221E+000	 1.4042E-001
 4.5284E+000	 4.5166E-002 4.5284E+000	 1.3612E-001
 4.5347E+000	 4.3056E-002 4.5347E+000	 1.3202E-001
 4.5410E+000	 4.0999E-002 4.5410E+000	 1.2832E-001
 4.5473E+000	 3.9000E-002 4.5473E+000	 1.2523E-001
 4.5536E+000	 3.7062E-002 4.5536E+000	 1.2297E-001
 4.5599E+000	 3.5191E-002 4.5599E+000	 1.2169E-001
 4.5662E+000	 3.3390E-002 4.5662E+000	 1.2155E-001
 4.5724E+000	 3.1665E-002 4.5724E+000	 1.2261E-001
 4.5787E+000	 3.0018E-002 4.5787E+000	 1.2486E-001
 4.5850E+000	 2.8454E-002 4.5850E+000	 1.2823E-001
 4.5913E+000	 2.6977E-002 4.5913E+000	 1.3258E-001
 4.5976E+000	 2.5589E-002 4.5976E+000	 1.3774E-001
 4.6039E+000	 2.4293E-002 4.6039E+000	 1.4351E-001
 4.6102E+000	 2.3093E-002 4.6102E+000	 1.4968E-001
 4.6165E+000	 2.1988E-002 4.6165E+000	 1.5604E-001
 4.6228E+000	 2.0980E-002 4.6228E+000	 1.6241E-001
 4.6291E+000	 2.0070E-002 4.6291E+000	 1.6861E-001
 4.6353E+000	 1.9255E-002 4.6353E+000	 1.7449E-001
 4.6416E+000	 1.8534E-002 4.6416E+000	 1.7991E-001
 4.6479E+000	 1.7902E-002 4.6479E+000	 1.8475E-001
 4.6542E+000	 1.7357E-002 4.6542E+000	 1.8891E-001
 4.6605E+000	 1.6892E-002 4.6605E+000	 1.9232E-001
 4.6668E+000	 1.6502E-002 4.6668E+000	 1.9491E-001
 4.6731E+000	 1.6180E-002 4.6731E+000	 1.9662E-001
 4.6794E+000	 1.5920E-002 4.6794E+000	 1.9744E-001
 4.6857E+000	 1.5716E-002 4.6857E+000	 1.9736E-001
 4.6919E+000	 1.5561E-002 4.6919E+000	 1.9637E-001
 4.6982E+000	 1.5452E-002 4.6982E+000	 1.9452E-001
 4.7045E+000	 1.5384E-002 4.7045E+000	 1.9185E-001
 4.7108E+000	 1.5356E-002 4.7108E+000	 1.8843E-001
 4.7171E+000	 1.5365E-002 4.7171E+000	 1.8436E-001
 4.7234E+000	 1.5413E-002 4.7234E+000	 1.7975E-001
 4.7297E+000	 1.5501E-002 4.7297E+000	 1.7475E-001
 4.7360E+000	 1.5633E-002 4.7360E+000	 1.6953E-001
 4.7423E+000	 1.5811E-002 4.7423E+000	 1.6429E-001
 4.7486E+000	 1.6043E-002 4.7486E+000	 1.5927E-001
 4.7548E+000	 1.6333E-002 4.7548E+000	 1.5469E-001
 4.7611E+000	 1.6688E-002 4.7611E+000	 1.5083E-001
 4.7674E+000	 1.7115E-002 4.7674E+000	 1.4791E-001
 4.7737E+000	 1.7619E-002 4.7737E+000	 1.4616E-001
 4.7800E+000	 1.8207E-002 4.7800E+000	 1.4575E-001
 4.7863E+000	 1.8883E-002 4.7863E+000	 1.4675E-001
 4.7926E+000	 1.9650E-002 4.7926E+000	 1.4917E-001
 4.7989E+000	 2.0513E-002 4.7989E+000	 1.5291E-001
 4.8052E+000	 2.1472E-002 4.8052E+000	 1.5782E-001
 4.8114E+000	 2.2528E-002 4.8114E+000	 1.6368E-001
 4.8177E+000	 2.3681E-002 4.8177E+000	 1.7026E-001
 4.8240E+000	 2.4929E-002 4.8240E+000	 1.7730E-001
 4.8303E+000	 2.6271E-002 4.8303E+000	 1.8456E-001
 4.8366E+000	 2.7704E-002 4.8366E+000	 1.9181E-001
 4.8429E+000	 2.9225E-002 4.8429E+000	 1.9885E-001
 4.8492E+000	 3.0831E-002 4.8492E+000	 2.0550E-001
 4.8555E+000	 3.2518E-002 4.8555E+000	 2.1159E-001
 4.8618E+000	 3.4281E-002 4.8618E+000	 2.1700E-001
 4.8681E+000	 3.6118E-002 4.8681E+000	 2.2159E-001
 4.8743E+000	 3.8023E-002 4.8743E+000	 2.2528E-001
 4.8806E+000	 3.9992E-002 4.8806E+000	 2.2801E-001
 4.8869E+000	 4.2021E-002 4.8869E+000	 2.2970E-001
 4.8932E+000	 4.4105E-002 4.8932E+000	 2.3035E-001
 4.8995E+000	 4.6239E-002 4.8995E+000	 2.2993E-001
 4.9058E+000	 4.8419E-002 4.9058E+000	 2.2846E-001
 4.9121E+000	 5.0639E-002 4.9121E+000	 2.2597E-001
 4.9184E+000	 5.2895E-002 4.9184E+000	 2.2252E-001
 4.9247E+000	 5.5182E-002 4.9247E+000	 2.1819E-001
 4.9309E+000	 5.7494E-002 4.9309E+000	 2.1309E-001
 4.9372E+000	 5.9826E-002 4.9372E+000	 2.0735E-001
 4.9435E+000	 6.2172E-002 4.9435E+000	 2.0113E-001
 4.9498E+000	 6.4528E-002 4.9498E+000	 1.9462E-001
 4.9561E+000	 6.6887E-002 4.9561E+000	 1.8806E-001
 4.9624E+000	 6.9245E-002 4.9624E+000	 1.8168E-001
 4.9687E+000	 7.1594E-002 4.9687E+000	 1.7578E-001
 4.9750E+000	 7.3930E-002 4.9750E+000	 1.7064E-001
 4.9813E+000	 7.6247E-002 4.9813E+000	 1.6656E-001
 4.9876E+000	 7.8538E-002 4.9876E+000	 1.6381E-001
 4.9938E+000	 8.0798E-002 4.9938E+000	 1.6259E-001
 5.0001E+000	 8.3020E-002 5.0001E+000	 1.6304E-001
 5.0064E+000	 8.5199E-002 5.0064E+000	 1.6519E-001
 5.0127E+000	 8.7328E-002 5.0127E+000	 1.6895E-001
 5.0190E+000	 8.9400E-002 5.0190E+000	 1.7416E-001
 5.0253E+000	 9.1411E-002 5.0253E+000	 1.8058E-001
 5.0316E+000	 9.3353E-002 5.0316E+000	 1.8794E-001
 5.0379E+000	 9.5221E-002 5.0379E+000	 1.9595E-001
 5.0442E+000	 9.7009E-002 5.0442E+000	 2.0434E-001
 5.0504E+000	 9.8709E-002 5.0504E+000	 2.1284E-001
 5.0567E+000	 1.0032E-001 5.0567E+000	 2.2121E-001
 5.0630E+000	 1.0183E-001 5.0630E+000	 2.2923E-001
 5.0693E+000	 1.0323E-001 5.0693E+000	 2.3673E-001
 5.0756E+000	 1.0453E-001 5.0756E+000	 2.4355E-001
 5.0819E+000	 1.0571E-001 5.0819E+000	 2.4953E-001
 5.0882E+000	 1.0677E-001 5.0882E+000	 2.5458E-001
 5.0945E+000	 1.0771E-001 5.0945E+000	 2.5859E-001
 5.1008E+000	 1.0851E-001 5.1008E+000	 2.6150E-001
 5.1071E+000	 1.0918E-001 5.1071E+000	 2.6326E-001
 5.1133E+000	 1.0972E-001 5.1133E+000	 2.6384E-001
 5.1196E+000	 1.1010E-001 5.1196E+000	 2.6321E-001
 5.1259E+000	 1.1035E-001 5.1259E+000	 2.6140E-001
 5.1322E+000	 1.1044E-001 5.1322E+000	 2.5843E-001
 5.1385E+000	 1.1038E-001 5.1385E+000	 2.5435E-001
 5.1448E+000	 1.1017E-001 5.1448E+000	 2.4923E-001
 5.1511E+000	 1.0980E-001 5.1511E+000	 2.4316E-001
 5.1574E+000	 1.0927E-001 5.1574E+000	 2.3626E-001
 5.1637E+000	 1.0858E-001 5.1637E+000	 2.2867E-001
 5.1699E+000	 1.0774E-001 5.1699E+000	 2.2056E-001
 5.1762E+000	 1.0673E-001 5.1762E+000	 2.1214E-001
 5.1825E+000	 1.0557E-001 5.1825E+000	 2.0365E-001
 5.1888E+000	 1.0426E-001 5.1888E+000	 1.9536E-001
 5.1951E+000	 1.0279E-001 5.1951E+000	 1.8758E-001
 5.2014E+000	 1.0116E-001 5.2014E+000	 1.8063E-001
 5.2077E+000	 9.9398E-002 5.2077E+000	 1.7487E-001
 5.2140E+000	 9.7491E-002 5.2140E+000	 1.7063E-001
 5.2203E+000	 9.5448E-002 5.2203E+000	 1.6820E-001
 5.2266E+000	 9.3277E-002 5.2266E+000	 1.6776E-001
 5.2328E+000	 9.0986E-002 5.2328E+000	 1.6941E-001
 5.2391E+000	 8.8584E-002 5.2391E+000	 1.7309E-001
 5.2454E+000	 8.6082E-002 5.2454E+000	 1.7863E-001
 5.2517E+000	 8.3492E-002 5.2517E+000	 1.8578E-001
 5.2580E+000	 8.0828E-002 5.2580E+000	 1.9421E-001
 5.2643E+000	 7.8105E-002 5.2643E+000	 2.0362E-001
 5.2706E+000	 7.5340E-002 5.2706E+000	 2.1366E-001
 5.2769E+000	 7.2554E-002 5.2769E+000	 2.2406E-001
 5.2832E+000	 6.9768E-002 5.2832E+000	 2.3453E-001
 5.2894E+000	 6.7007E-002 5.2894E+000	 2.4485E-001
 5.2957E+000	 6.4299E-002 5.2957E+000	 2.5479E-001
 5.3020E+000	 6.1674E-002 5.3020E+000	 2.6419E-001
 5.3083E+000	 5.9166E-002 5.3083E+000	 2.7289E-001
 5.3146E+000	 5.6811E-002 5.3146E+000	 2.8074E-001
 5.3209E+000	 5.4649E-002 5.3209E+000	 2.8765E-001
 5.3272E+000	 5.2717E-002 5.3272E+000	 2.9352E-001
 5.3335E+000	 5.1057E-002 5.3335E+000	 2.9826E-001
 5.3398E+000	 4.9703E-002 5.3398E+000	 3.0183E-001
 5.3461E+000	 4.8688E-002 5.3461E+000	 3.0417E-001
 5.3523E+000	 4.8033E-002 5.3523E+000	 3.0525E-001
 5.3586E+000	 4.7748E-002 5.3586E+000	 3.0506E-001
 5.3649E+000	 4.7833E-002 5.3649E+000	 3.0360E-001
 5.3712E+000	 4.8272E-002 5.3712E+000	 3.0086E-001
 5.3775E+000	 4.9038E-002 5.3775E+000	 2.9688E-001
 5.3838E+000	 5.0096E-002 5.3838E+000	 2.9169E-001
 5.3901E+000	 5.1404E-002 5.3901E+000	 2.8534E-001
 5.3964E+000	 5.2916E-002 5.3964E+000	 2.7790E-001
 5.4027E+000	 5.4586E-002 5.4027E+000	 2.6945E-001
 5.4089E+000	 5.6370E-002 5.4089E+000	 2.6009E-001
 5.4152E+000	 5.8226E-002 5.4152E+000	 2.4992E-001
 5.4215E+000	 6.0114E-002 5.4215E+000	 2.3911E-001
 5.4278E+000	 6.2000E-002 5.4278E+000	 2.2780E-001
 5.4341E+000	 6.3851E-002 5.4341E+000	 2.1620E-001
 5.4404E+000	 6.5639E-002 5.4404E+000	 2.0454E-001
 5.4467E+000	 6.7339E-002 5.4467E+000	 1.9310E-001
 5.4530E+000	 6.8927E-002 5.4530E+000	 1.8221E-001
 5.4593E+000	 7.0384E-002 5.4593E+000	 1.7226E-001
 5.4656E+000	 7.1693E-002 5.4656E+000	 1.6369E-001
 5.4718E+000	 7.2838E-002 5.4718E+000	 1.5695E-001
 5.4781E+000	 7.3807E-002 5.4781E+000	 1.5248E-001
 5.4844E+000	 7.4588E-002 5.4844E+000	 1.5065E-001
 5.4907E+000	 7.5173E-002 5.4907E+000	 1.5164E-001
 5.4970E+000	 7.5553E-002 5.4970E+000	 1.5546E-001
 5.5033E+000	 7.5724E-002 5.5033E+000	 1.6190E-001
 5.5096E+000	 7.5681E-002 5.5096E+000	 1.7062E-001
 5.5159E+000	 7.5422E-002 5.5159E+000	 1.8120E-001
 5.5222E+000	 7.4947E-002 5.5222E+000	 1.9321E-001
 5.5284E+000	 7.4258E-002 5.5284E+000	 2.0627E-001
 5.5347E+000	 7.3356E-002 5.5347E+000	 2.2001E-001
 5.5410E+000	 7.2248E-002 5.5410E+000	 2.3416E-001
 5.5473E+000	 7.0940E-002 5.5473E+000	 2.4844E-001
 5.5536E+000	 6.9440E-002 5.5536E+000	 2.6266E-001
 5.5599E+000	 6.7759E-002 5.5599E+000	 2.7662E-001
 5.5662E+000	 6.5911E-002 5.5662E+000	 2.9018E-001
 5.5725E+000	 6.3910E-002 5.5725E+000	 3.0320E-001
 5.5788E+000	 6.1774E-002 5.5788E+000	 3.1557E-001
 5.5851E+000	 5.9523E-002 5.5851E+000	 3.2720E-001
 5.5913E+000	 5.7182E-002 5.5913E+000	 3.3799E-001
 5.5976E+000	 5.4776E-002 5.5976E+000	 3.4789E-001
 5.6039E+000	 5.2338E-002 5.6039E+000	 3.5683E-001
 5.6102E+000	 4.9901E-002 5.6102E+000	 3.6474E-001
 5.6165E+000	 4.7506E-002 5.6165E+000	 3.7160E-001
 5.6228E+000	 4.5197E-002 5.6228E+000	 3.7736E-001
 5.6291E+000	 4.3022E-002 5.6291E+000	 3.8200E-001
 5.6354E+000	 4.1035E-002 5.6354E+000	 3.8548E-001
 5.6417E+000	 3.9291E-002 5.6417E+000	 3.8779E-001
 5.6479E+000	 3.7843E-002 5.6479E+000	 3.8892E-001
 5.6542E+000	 3.6740E-002 5.6542E+000	 3.8887E-001
 5.6605E+000	 3.6018E-002 5.6605E+000	 3.8762E-001
 5.6668E+000	 3.5696E-002 5.6668E+000	 3.8519E-001
 5.6731E+000	 3.5774E-002 5.6731E+000	 3.8159E-001
 5.6794E+000	 3.6228E-002 5.6794E+000	 3.7682E-001
 5.6857E+000	 3.7017E-002 5.6857E+000	 3.7090E-001
 5.6920E+000	 3.8088E-002 5.6920E+000	 3.6385E-001
 5.6983E+000	 3.9379E-002 5.6983E+000	 3.5570E-001
 5.7046E+000	 4.0828E-002 5.7046E+000	 3.4647E-001
 5.7108E+000	 4.2375E-002 5.7108E+000	 3.3619E-001
 5.7171E+000	 4.3965E-002 5.7171E+000	 3.2489E-001
 5.7234E+000	 4.5550E-002 5.7234E+000	 3.1261E-001
 5.7297E+000	 4.7084E-002 5.7297E+000	 2.9940E-001
 5.7360E+000	 4.8532E-002 5.7360E+000	 2.8528E-001
 5.7423E+000	 4.9861E-002 5.7423E+000	 2.7030E-001
 5.7486E+000	 5.1045E-002 5.7486E+000	 2.5452E-001
 5.7549E+000	 5.2060E-002 5.7549E+000	 2.3798E-001
 5.7612E+000	 5.2890E-002 5.7612E+000	 2.2073E-001
 5.7674E+000	 5.3519E-002 5.7674E+000	 2.0283E-001
 5.7737E+000	 5.3936E-002 5.7737E+000	 1.8436E-001
 5.7800E+000	 5.4135E-002 5.7800E+000	 1.6539E-001
 5.7863E+000	 5.4111E-002 5.7863E+000	 1.4601E-001
 5.7926E+000	 5.3861E-002 5.7926E+000	 1.2638E-001
 5.7989E+000	 5.3390E-002 5.7989E+000	 1.0669E-001
 5.8052E+000	 5.2700E-002 5.8052E+000	 8.7297E-002
 5.8115E+000	 5.1800E-002 5.8115E+000	 6.8918E-002
 5.8178E+000	 5.0701E-002 5.8178E+000	 5.3146E-002
 5.8241E+000	 4.9417E-002 5.8241E+000	 4.3517E-002
 5.8303E+000	 4.7963E-002 5.8303E+000	 4.4705E-002
 5.8366E+000	 4.6362E-002 5.8366E+000	 5.6329E-002
 5.8429E+000	 4.4635E-002 5.8429E+000	 7.3780E-002
 5.8492E+000	 4.2811E-002 5.8492E+000	 9.3966E-002
 5.8555E+000	 4.0919E-002 5.8555E+000	 1.1551E-001
 5.8618E+000	 3.8995E-002 5.8618E+000	 1.3780E-001
 5.8681E+000	 3.7078E-002 5.8681E+000	 1.6053E-001
 5.8744E+000	 3.5209E-002 5.8744E+000	 1.8350E-001
 5.8807E+000	 3.3436E-002 5.8807E+000	 2.0660E-001
 5.8869E+000	 3.1808E-002 5.8869E+000	 2.2975E-001
 5.8932E+000	 3.0372E-002 5.8932E+000	 2.5288E-001
 5.8995E+000	 2.9175E-002 5.8995E+000	 2.7595E-001
 5.9058E+000	 2.8256E-002 5.9058E+000	 2.9891E-001
 5.9121E+000	 2.7639E-002 5.9121E+000	 3.2173E-001
 5.9184E+000	 2.7333E-002 5.9184E+000	 3.4436E-001
 5.9247E+000	 2.7326E-002 5.9247E+000	 3.6678E-001
 5.9310E+000	 2.7589E-002 5.9310E+000	 3.8897E-001
 5.9373E+000	 2.8077E-002 5.9373E+000	 4.1090E-001
 5.9436E+000	 2.8737E-002 5.9436E+000	 4.3254E-001
 5.9498E+000	 2.9513E-002 5.9498E+000	 4.5388E-001
 5.9561E+000	 3.0351E-002 5.9561E+000	 4.7490E-001
 5.9624E+000	 3.1202E-002 5.9624E+000	 4.9558E-001
 5.9687E+000	 3.2021E-002 5.9687E+000	 5.1590E-001
 5.9750E+000	 3.2771E-002 5.9750E+000	 5.3585E-001
 5.9813E+000	 3.3421E-002 5.9813E+000	 5.5542E-001
 5.9876E+000	 3.3946E-002 5.9876E+000	 5.7460E-001
 5.9939E+000	 3.4327E-002 5.9939E+000	 5.9337E-001
 6.0002E+000	 3.4549E-002 6.0002E+000	 6.1174E-001
 6.0064E+000	 3.4604E-002 6.0064E+000	 6.2968E-001
 6.0127E+000	 3.4485E-002 6.0127E+000	 6.4719E-001
 6.0190E+000	 3.4192E-002 6.0190E+000	 6.6427E-001
 6.0253E+000	 3.3727E-002 6.0253E+000	 6.8092E-001
 6.0316E+000	 3.3095E-002 6.0316E+000	 6.9712E-001
 6.0379E+000	 3.2304E-002 6.0379E+000	 7.1288E-001
 6.0442E+000	 3.1367E-002 6.0442E+000	 7.2820E-001
 6.0505E+000	 3.0297E-002 6.0505E+000	 7.4306E-001
 6.0568E+000	 2.9112E-002 6.0568E+000	 7.5748E-001
 6.0631E+000	 2.7828E-002 6.0631E+000	 7.7145E-001
 6.0693E+000	 2.6469E-002 6.0693E+000	 7.8497E-001
 6.0756E+000	 2.5055E-002 6.0756E+000	 7.9805E-001
 6.0819E+000	 2.3613E-002 6.0819E+000	 8.1068E-001
 6.0882E+000	 2.2168E-002 6.0882E+000	 8.2286E-001
 6.0945E+000	 2.0747E-002 6.0945E+000	 8.3461E-001
 6.1008E+000	 1.9378E-002 6.1008E+000	 8.4591E-001
 6.1071E+000	 1.8089E-002 6.1071E+000	 8.5678E-001
 6.1134E+000	 1.6905E-002 6.1134E+000	 8.6722E-001
 6.1197E+000	 1.5849E-002 6.1197E+000	 8.7723E-001
 6.1259E+000	 1.4940E-002 6.1259E+000	 8.8682E-001
 6.1322E+000	 1.4185E-002 6.1322E+000	 8.9598E-001
 6.1385E+000	 1.3585E-002 6.1385E+000	 9.0473E-001
 6.1448E+000	 1.3129E-002 6.1448E+000	 9.1307E-001
 6.1511E+000	 1.2794E-002 6.1511E+000	 9.2100E-001
 6.1574E+000	 1.2552E-002 6.1574E+000	 9.2853E-001
 6.1637E+000	 1.2369E-002 6.1637E+000	 9.3565E-001
 6.1700E+000	 1.2213E-002 6.1700E+000	 9.4238E-001
 6.1763E+000	 1.2052E-002 6.1763E+000	 9.4872E-001
 6.1826E+000	 1.1859E-002 6.1826E+000	 9.5468E-001
 6.1888E+000	 1.1614E-002 6.1888E+000	 9.6025E-001
 6.1951E+000	 1.1299E-002 6.1951E+000	 9.6544E-001
 6.2014E+000	 1.0904E-002 6.2014E+000	 9.7025E-001
 6.2077E+000	 1.0424E-002 6.2077E+000	 9.7470E-001
 6.2140E+000	 9.8550E-003 6.2140E+000	 9.7877E-001
 6.2203E+000	 9.2001E-003 6.2203E+000	 9.8248E-001
 6.2266E+000	 8.4643E-003 6.2266E+000	 9.8583E-001
 6.2329E+000	 7.6552E-003 6.2329E+000	 9.8882E-001
 6.2392E+000	 6.7827E-003 6.2392E+000	 9.9145E-001
 6.2454E+000	 5.8588E-003 6.2454E+000	 9.9372E-001
 6.2517E+000	 4.8963E-003 6.2517E+000	 9.9564E-001
 6.2580E+000	 3.9093E-003 6.2580E+000	 9.9721E-001
 6.2643E+000	 2.9122E-003 6.2643E+000	 9.9843E-001
 6.2706E+000	 1.9193E-003 6.2706E+000	 9.9930E-001
 6.2769E+000	 9.4431E-004 6.2769E+000	 9.9983E-001
 6.2832E+000	 3.6026E-017 6.2832E+000	 1.0000E+000
