 7.8725E-001
 1.1939E+000
 1.6327E+000
 2.0355E+000
 2.4245E+000
 2.7980E+000
 3.1577E+000
 3.5035E+000
 3.8352E+000
 4.1524E+000
 4.4547E+000
 4.7413E+000
 5.0117E+000
 5.2652E+000
 5.5011E+000
 5.7189E+000
 5.9178E+000
 6.0974E+000
 6.2572E+000
 6.3966E+000
 6.5153E+000
 6.6129E+000
 6.6891E+000
 6.7437E+000
 6.7766E+000
 6.7875E+000
 6.7766E+000
 6.7437E+000
 6.6891E+000
 6.6129E+000
 6.5153E+000
 6.3966E+000
 6.2572E+000
 6.0974E+000
 5.9178E+000
 5.7189E+000
 5.5011E+000
 5.2652E+000
 5.0117E+000
 4.7413E+000
 4.4547E+000
 4.1524E+000
 3.8352E+000
 3.5035E+000
 3.1577E+000
 2.7980E+000
 2.4245E+000
 2.0355E+000
 1.6327E+000
 1.1939E+000
 7.8725E-001
 1.9169E+000
 2.8983E+000
 3.9443E+000
 4.8932E+000
 5.7981E+000
 6.6553E+000
 7.4689E+000
 8.2390E+000
 8.9653E+000
 9.6470E+000
 1.0283E+001
 1.0872E+001
 1.1412E+001
 1.1903E+001
 1.2343E+001
 1.2730E+001
 1.3064E+001
 1.3342E+001
 1.3564E+001
 1.3728E+001
 1.3834E+001
 1.3865E+001
 1.3879E+001
 1.3561E+001
 1.3879E+001
 1.3865E+001
 1.3834E+001
 1.3728E+001
 1.3564E+001
 1.3342E+001
 1.3064E+001
 1.2730E+001
 1.2343E+001
 1.1903E+001
 1.1412E+001
 1.0872E+001
 1.0283E+001
 9.6470E+000
 8.9653E+000
 8.2390E+000
 7.4689E+000
 6.6553E+000
 5.7981E+000
 4.8932E+000
 3.9443E+000
 2.8983E+000
 1.9169E+000
 1.0928E+000
 1.6421E+000
 2.2265E+000
 2.7516E+000
 3.2485E+000
 3.7151E+000
 4.1540E+000
 4.5652E+000
 4.9490E+000
 5.3048E+000
 5.6323E+000
 5.9309E+000
 6.1999E+000
 6.4389E+000
 6.6473E+000
 6.8245E+000
 6.9702E+000
 7.0839E+000
 7.1653E+000
 7.2142E+000
 7.2306E+000
 7.2142E+000
 7.1653E+000
 7.0839E+000
 6.9702E+000
 6.8245E+000
 6.6473E+000
 6.4389E+000
 6.1999E+000
 5.9309E+000
 5.6323E+000
 5.3048E+000
 4.9490E+000
 4.5652E+000
 4.1540E+000
 3.7151E+000
 3.2485E+000
 2.7516E+000
 2.2265E+000
 1.6421E+000
 1.0928E+000
 9.1223E-001
 1.3701E+000
 1.8569E+000
 2.2939E+000
 2.7072E+000
 3.0951E+000
 3.4596E+000
 3.8010E+000
 4.1194E+000
 4.4145E+000
 4.6860E+000
 4.9335E+000
 5.1564E+000
 5.3543E+000
 5.5268E+000
 5.6735E+000
 5.7941E+000
 5.8881E+000
 5.9555E+000
 5.9960E+000
 6.0095E+000
 5.9960E+000
 5.9555E+000
 5.8881E+000
 5.7941E+000
 5.6735E+000
 5.5268E+000
 5.3543E+000
 5.1564E+000
 4.9335E+000
 4.6860E+000
 4.4145E+000
 4.1194E+000
 3.8010E+000
 3.4596E+000
 3.0951E+000
 2.7072E+000
 2.2939E+000
 1.8569E+000
 1.3701E+000
 9.1223E-001
 7.0703E-001
 1.0618E+000
 1.4391E+000
 1.7776E+000
 2.0978E+000
 2.3983E+000
 2.6806E+000
 2.9451E+000
 3.1917E+000
 3.4202E+000
 3.6305E+000
 3.8221E+000
 3.9947E+000
 4.1480E+000
 4.2816E+000
 4.3952E+000
 4.4885E+000
 4.5613E+000
 4.6135E+000
 4.6449E+000
 4.6553E+000
 4.6449E+000
 4.6135E+000
 4.5613E+000
 4.4885E+000
 4.3952E+000
 4.2816E+000
 4.1480E+000
 3.9947E+000
 3.8221E+000
 3.6305E+000
 3.4202E+000
 3.1917E+000
 2.9451E+000
 2.6806E+000
 2.3983E+000
 2.0978E+000
 1.7776E+000
 1.4391E+000
 1.0618E+000
 7.0703E-001
 7.3209E-001
 1.0995E+000
 1.4901E+000
 1.8406E+000
 2.1722E+000
 2.4833E+000
 2.7757E+000
 3.0495E+000
 3.3048E+000
 3.5415E+000
 3.7592E+000
 3.9576E+000
 4.1364E+000
 4.2951E+000
 4.4334E+000
 4.5510E+000
 4.6477E+000
 4.7231E+000
 4.7771E+000
 4.8096E+000
 4.8204E+000
 4.8096E+000
 4.7771E+000
 4.7231E+000
 4.6477E+000
 4.5510E+000
 4.4334E+000
 4.2951E+000
 4.1364E+000
 3.9576E+000
 3.7592E+000
 3.5415E+000
 3.3048E+000
 3.0495E+000
 2.7757E+000
 2.4833E+000
 2.1722E+000
 1.8406E+000
 1.4901E+000
 1.0995E+000
 7.3209E-001
 8.0368E-001
 1.2070E+000
 1.6358E+000
 2.0206E+000
 2.3846E+000
 2.7261E+000
 3.0470E+000
 3.3476E+000
 3.6279E+000
 3.8877E+000
 4.1267E+000
 4.3445E+000
 4.5407E+000
 4.7149E+000
 4.8667E+000
 4.9958E+000
 5.1019E+000
 5.1847E+000
 5.2440E+000
 5.2796E+000
 5.2915E+000
 5.2796E+000
 5.2440E+000
 5.1847E+000
 5.1019E+000
 4.9958E+000
 4.8667E+000
 4.7149E+000
 4.5407E+000
 4.3445E+000
 4.1267E+000
 3.8877E+000
 3.6279E+000
 3.3476E+000
 3.0470E+000
 2.7261E+000
 2.3846E+000
 2.0206E+000
 1.6358E+000
 1.2070E+000
 8.0368E-001
 6.8629E-001
 1.0307E+000
 1.3968E+000
 1.7255E+000
 2.0362E+000
 2.3279E+000
 2.6019E+000
 2.8586E+000
 3.0980E+000
 3.3198E+000
 3.5239E+000
 3.7099E+000
 3.8774E+000
 4.0262E+000
 4.1558E+000
 4.2661E+000
 4.3567E+000
 4.4274E+000
 4.4780E+000
 4.5084E+000
 4.5186E+000
 4.5084E+000
 4.4780E+000
 4.4274E+000
 4.3567E+000
 4.2661E+000
 4.1558E+000
 4.0262E+000
 3.8774E+000
 3.7099E+000
 3.5239E+000
 3.3198E+000
 3.0980E+000
 2.8586E+000
 2.6019E+000
 2.3279E+000
 2.0362E+000
 1.7255E+000
 1.3968E+000
 1.0307E+000
 6.8629E-001
 6.1389E-001
 9.2194E-001
 1.2495E+000
 1.5435E+000
 1.8215E+000
 2.0823E+000
 2.3275E+000
 2.5571E+000
 2.7712E+000
 2.9697E+000
 3.1522E+000
 3.3186E+000
 3.4685E+000
 3.6016E+000
 3.7176E+000
 3.8162E+000
 3.8972E+000
 3.9605E+000
 4.0058E+000
 4.0330E+000
 4.0421E+000
 4.0330E+000
 4.0058E+000
 3.9605E+000
 3.8972E+000
 3.8162E+000
 3.7176E+000
 3.6016E+000
 3.4685E+000
 3.3186E+000
 3.1522E+000
 2.9697E+000
 2.7712E+000
 2.5571E+000
 2.3275E+000
 2.0823E+000
 1.8215E+000
 1.5435E+000
 1.2495E+000
 9.2194E-001
 6.1389E-001
 7.4478E-001
 1.1185E+000
 1.5159E+000
 1.8725E+000
 2.2098E+000
 2.5263E+000
 2.8238E+000
 3.1023E+000
 3.3621E+000
 3.6029E+000
 3.8244E+000
 4.0262E+000
 4.2081E+000
 4.3695E+000
 4.5102E+000
 4.6299E+000
 4.7282E+000
 4.8050E+000
 4.8599E+000
 4.8929E+000
 4.9040E+000
 4.8929E+000
 4.8599E+000
 4.8050E+000
 4.7282E+000
 4.6299E+000
 4.5102E+000
 4.3695E+000
 4.2081E+000
 4.0262E+000
 3.8244E+000
 3.6029E+000
 3.3621E+000
 3.1023E+000
 2.8238E+000
 2.5263E+000
 2.2098E+000
 1.8725E+000
 1.5159E+000
 1.1185E+000
 7.4478E-001
 7.4401E-001
 1.1174E+000
 1.5144E+000
 1.8707E+000
 2.2077E+000
 2.5239E+000
 2.8210E+000
 3.0994E+000
 3.3589E+000
 3.5995E+000
 3.8208E+000
 4.0224E+000
 4.2041E+000
 4.3655E+000
 4.5061E+000
 4.6256E+000
 4.7239E+000
 4.8005E+000
 4.8554E+000
 4.8884E+000
 4.8995E+000
 4.8884E+000
 4.8554E+000
 4.8005E+000
 4.7239E+000
 4.6256E+000
 4.5061E+000
 4.3655E+000
 4.2041E+000
 4.0224E+000
 3.8208E+000
 3.5995E+000
 3.3589E+000
 3.0994E+000
 2.8210E+000
 2.5239E+000
 2.2077E+000
 1.8707E+000
 1.5144E+000
 1.1174E+000
 7.4401E-001
 5.9522E-001
 8.9393E-001
 1.2115E+000
 1.4966E+000
 1.7662E+000
 2.0192E+000
 2.2569E+000
 2.4796E+000
 2.6873E+000
 2.8798E+000
 3.0568E+000
 3.2182E+000
 3.3636E+000
 3.4926E+000
 3.6052E+000
 3.7008E+000
 3.7794E+000
 3.8408E+000
 3.8847E+000
 3.9111E+000
 3.9199E+000
 3.9111E+000
 3.8847E+000
 3.8408E+000
 3.7794E+000
 3.7008E+000
 3.6052E+000
 3.4926E+000
 3.3636E+000
 3.2182E+000
 3.0568E+000
 2.8798E+000
 2.6873E+000
 2.4796E+000
 2.2569E+000
 2.0192E+000
 1.7662E+000
 1.4966E+000
 1.2115E+000
 8.9393E-001
 5.9522E-001
 6.6123E-001
 9.9303E-001
 1.3458E+000
 1.6624E+000
 1.9618E+000
 2.2428E+000
 2.5068E+000
 2.7541E+000
 2.9847E+000
 3.1985E+000
 3.3951E+000
 3.5742E+000
 3.7356E+000
 3.8790E+000
 4.0039E+000
 4.1101E+000
 4.1974E+000
 4.2655E+000
 4.3143E+000
 4.3436E+000
 4.3533E+000
 4.3436E+000
 4.3143E+000
 4.2655E+000
 4.1974E+000
 4.1101E+000
 4.0039E+000
 3.8790E+000
 3.7356E+000
 3.5742E+000
 3.3951E+000
 3.1985E+000
 2.9847E+000
 2.7541E+000
 2.5068E+000
 2.2428E+000
 1.9618E+000
 1.6624E+000
 1.3458E+000
 9.9303E-001
 6.6123E-001
 8.0068E-001
 1.2025E+000
 1.6298E+000
 2.0133E+000
 2.3761E+000
 2.7164E+000
 3.0364E+000
 3.3360E+000
 3.6154E+000
 3.8744E+000
 4.1127E+000
 4.3298E+000
 4.5254E+000
 4.6991E+000
 4.8505E+000
 4.9792E+000
 5.0850E+000
 5.1676E+000
 5.2267E+000
 5.2622E+000
 5.2741E+000
 5.2622E+000
 5.2267E+000
 5.1676E+000
 5.0850E+000
 4.9792E+000
 4.8505E+000
 4.6991E+000
 4.5254E+000
 4.3298E+000
 4.1127E+000
 3.8744E+000
 3.6154E+000
 3.3360E+000
 3.0364E+000
 2.7164E+000
 2.3761E+000
 2.0133E+000
 1.6298E+000
 1.2025E+000
 8.0068E-001
 6.6510E-001
 9.9884E-001
 1.3537E+000
 1.6721E+000
 1.9733E+000
 2.2559E+000
 2.5214E+000
 2.7701E+000
 3.0020E+000
 3.2169E+000
 3.4146E+000
 3.5948E+000
 3.7571E+000
 3.9012E+000
 4.0268E+000
 4.1336E+000
 4.2214E+000
 4.2899E+000
 4.3389E+000
 4.3684E+000
 4.3782E+000
 4.3684E+000
 4.3389E+000
 4.2899E+000
 4.2214E+000
 4.1336E+000
 4.0268E+000
 3.9012E+000
 3.7571E+000
 3.5948E+000
 3.4146E+000
 3.2169E+000
 3.0020E+000
 2.7701E+000
 2.5214E+000
 2.2559E+000
 1.9733E+000
 1.6721E+000
 1.3537E+000
 9.9884E-001
 6.6510E-001
