 5.8245E-004
 9.0585E-004
 1.1584E-003
 1.2827E-003
 1.2771E-003
 1.1515E-003
 9.3733E-004
 6.8627E-004
 4.7696E-004
 4.0941E-004
 4.7482E-004
 5.6252E-004
 6.3460E-004
 7.1627E-004
 8.3964E-004
 9.9933E-004
 1.1535E-003
 1.2516E-003
 1.2531E-003
 1.1369E-003
 9.0525E-004
 5.9076E-004
 3.1509E-004
 4.4733E-004
 7.9167E-004
 1.1020E-003
 1.3209E-003
 1.4330E-003
 1.4498E-003
 1.4038E-003
 1.3404E-003
 1.3158E-003
 1.2613E-003
 1.1077E-003
 9.2154E-004
 7.7850E-004
 7.4172E-004
 7.8196E-004
 8.1471E-004
 7.8293E-004
 6.7206E-004
 4.9854E-004
 2.9803E-004
 1.1858E-004
 4.1607E-005
