 1.0000E-002	-1.5654E+002	-1.5654E+002
 1.3994E-002	-1.5654E+002	-1.5654E+002
 1.7988E-002	-1.5654E+002	-1.5654E+002
 2.1982E-002	-1.5654E+002	-1.5654E+002
 2.5976E-002	-1.5654E+002	-1.5654E+002
 2.9970E-002	-1.5654E+002	-1.5654E+002
 3.3964E-002	-9.8511E+001	-1.5654E+002
 3.7958E-002	-9.5607E+001	-1.5654E+002
 4.1952E-002	-9.2992E+001	-1.5654E+002
 4.5946E-002	-9.0614E+001	-1.5654E+002
 4.9940E-002	-8.8433E+001	-1.5654E+002
 5.3934E-002	-8.6418E+001	-1.5654E+002
 5.7928E-002	-8.4546E+001	-1.5654E+002
 6.1922E-002	-8.2797E+001	-1.5654E+002
 6.5916E-002	-8.1156E+001	-1.5654E+002
 6.9910E-002	-7.9610E+001	-1.5654E+002
 7.3904E-002	-7.8148E+001	-1.5654E+002
 7.7898E-002	-7.6762E+001	-1.5654E+002
 8.1892E-002	-7.5444E+001	-1.5654E+002
 8.5886E-002	-7.4186E+001	-1.5654E+002
 8.9880E-002	-7.2985E+001	-1.5654E+002
 9.3874E-002	-7.1834E+001	-1.5654E+002
 9.7868E-002	-7.0729E+001	-1.5654E+002
 1.0186E-001	-6.8250E+001	-1.5654E+002
 1.0586E-001	-6.7226E+001	-1.5654E+002
 1.0985E-001	-6.6239E+001	-1.5654E+002
 1.1384E-001	-6.5285E+001	-1.5654E+002
 1.1784E-001	-6.4362E+001	-1.5654E+002
 1.2183E-001	-6.3469E+001	-1.5654E+002
 1.2583E-001	-6.2602E+001	-1.5654E+002
 1.2982E-001	-6.1760E+001	-1.5654E+002
 1.3381E-001	-6.0943E+001	-1.5654E+002
 1.3781E-001	-6.0147E+001	-1.5654E+002
 1.4180E-001	-5.9372E+001	-1.5654E+002
 1.4580E-001	-5.8616E+001	-1.5654E+002
 1.4979E-001	-5.7879E+001	-1.5654E+002
 1.5378E-001	-5.7160E+001	-1.5654E+002
 1.5778E-001	-5.6457E+001	-1.5654E+002
 1.6177E-001	-5.5769E+001	-1.5654E+002
 1.6577E-001	-5.5096E+001	-1.5654E+002
 1.6976E-001	-5.3971E+001	-1.5654E+002
 1.7375E-001	-5.3324E+001	-1.5654E+002
 1.7775E-001	-5.2690E+001	-1.5654E+002
 1.8174E-001	-5.2067E+001	-1.5654E+002
 1.8574E-001	-5.1455E+001	-1.5654E+002
 1.8973E-001	-5.0854E+001	-1.5654E+002
 1.9372E-001	-5.0263E+001	-1.5654E+002
 1.9772E-001	-4.9682E+001	-1.5654E+002
 2.0171E-001	-4.9109E+001	-1.5654E+002
 2.0571E-001	-4.8545E+001	-1.5654E+002
 2.0970E-001	-4.7989E+001	-1.5654E+002
 2.1369E-001	-4.7441E+001	-1.5654E+002
 2.1769E-001	-4.6899E+001	-1.5654E+002
 2.2168E-001	-4.6365E+001	-1.5654E+002
 2.2568E-001	-4.5837E+001	-1.5654E+002
 2.2967E-001	-4.5315E+001	-1.5654E+002
 2.3366E-001	-4.4576E+001	-1.5654E+002
 2.3766E-001	-4.4065E+001	-1.5654E+002
 2.4165E-001	-4.3558E+001	-1.5654E+002
 2.4565E-001	-4.3056E+001	-1.5654E+002
 2.4964E-001	-4.2559E+001	-1.5654E+002
 2.5363E-001	-4.2065E+001	-1.5654E+002
 2.5763E-001	-4.1575E+001	-1.5654E+002
 2.6162E-001	-4.1089E+001	-1.5654E+002
 2.6562E-001	-4.0606E+001	-1.5654E+002
 2.6961E-001	-4.0126E+001	-1.5654E+002
 2.7360E-001	-3.9648E+001	-1.5654E+002
 2.7760E-001	-3.9172E+001	-1.5654E+002
 2.8159E-001	-3.8699E+001	-1.5654E+002
 2.8559E-001	-3.8227E+001	-1.5654E+002
 2.8958E-001	-3.7757E+001	-1.5654E+002
 2.9357E-001	-3.7288E+001	-1.5654E+002
 2.9757E-001	-3.6820E+001	-1.5654E+002
 3.0156E-001	-3.6211E+001	-1.5654E+002
 3.0556E-001	-3.5742E+001	-1.5654E+002
 3.0955E-001	-3.5273E+001	-1.5654E+002
 3.1354E-001	-3.4803E+001	-1.5654E+002
 3.1754E-001	-3.4333E+001	-1.5654E+002
 3.2153E-001	-3.3861E+001	-1.5654E+002
 3.2553E-001	-3.3388E+001	-1.5654E+002
 3.2952E-001	-3.2913E+001	-1.5654E+002
 3.3351E-001	-3.2437E+001	-1.5654E+002
 3.3751E-001	-3.1957E+001	-1.5654E+002
 3.4150E-001	-3.1475E+001	-1.5654E+002
 3.4550E-001	-3.0989E+001	-1.5654E+002
 3.4949E-001	-3.0500E+001	-1.5654E+002
 3.5348E-001	-3.0007E+001	-1.5654E+002
 3.5748E-001	-2.9509E+001	-1.5654E+002
 3.6147E-001	-2.9007E+001	-1.5654E+002
 3.6547E-001	-2.8499E+001	-1.5654E+002
 3.6946E-001	-2.7867E+001	-1.5654E+002
 3.7345E-001	-2.7344E+001	-1.5654E+002
 3.7745E-001	-2.6815E+001	-1.5654E+002
 3.8144E-001	-2.6279E+001	-1.5654E+002
 3.8544E-001	-2.5736E+001	-1.5654E+002
 3.8943E-001	-2.5184E+001	-1.5654E+002
 3.9342E-001	-2.4626E+001	-1.5654E+002
 3.9742E-001	-2.4059E+001	-1.5654E+002
 4.0141E-001	-2.3484E+001	-1.5654E+002
 4.0541E-001	-2.2903E+001	-1.5654E+002
 4.0940E-001	-2.2314E+001	-1.5654E+002
 4.1339E-001	-2.1720E+001	-1.5654E+002
 4.1739E-001	-2.1123E+001	-1.5654E+002
 4.2138E-001	-2.0524E+001	-1.5654E+002
 4.2538E-001	-1.9928E+001	-1.5654E+002
 4.2937E-001	-1.9339E+001	-1.5654E+002
 4.3336E-001	-1.8658E+001	-1.5654E+002
 4.3736E-001	-1.8106E+001	-1.5654E+002
 4.4135E-001	-1.7585E+001	-1.5654E+002
 4.4535E-001	-1.7107E+001	-1.5654E+002
 4.4934E-001	-1.6682E+001	-1.5654E+002
 4.5333E-001	-1.6322E+001	-1.5654E+002
 4.5733E-001	-1.6035E+001	-1.5654E+002
 4.6132E-001	-1.5828E+001	-1.5654E+002
 4.6532E-001	-1.5703E+001	-1.5654E+002
 4.6931E-001	-1.5658E+001	-1.5654E+002
 4.7330E-001	-1.5686E+001	-1.5654E+002
 4.7730E-001	-1.5779E+001	-1.5654E+002
 4.8129E-001	-1.5925E+001	-1.5654E+002
 4.8529E-001	-1.6113E+001	-1.5654E+002
 4.8928E-001	-1.6332E+001	-1.5654E+002
 4.9327E-001	-1.6573E+001	-1.5654E+002
 4.9727E-001	-1.6827E+001	-1.5654E+002
 5.0126E-001	-1.7131E+001	-1.5654E+002
 5.0526E-001	-1.7393E+001	-1.5654E+002
 5.0925E-001	-1.7654E+001	-1.5654E+002
 5.1324E-001	-1.7909E+001	-1.5654E+002
 5.1724E-001	-1.8157E+001	-1.5654E+002
 5.2123E-001	-1.8396E+001	-1.5654E+002
 5.2523E-001	-1.8626E+001	-1.5654E+002
 5.2922E-001	-1.8846E+001	-1.5654E+002
 5.3321E-001	-1.9055E+001	-1.5654E+002
 5.3721E-001	-1.9255E+001	-1.5654E+002
 5.4120E-001	-1.9443E+001	-1.5654E+002
 5.4520E-001	-1.9622E+001	-1.5654E+002
 5.4919E-001	-1.9791E+001	-1.5654E+002
 5.5318E-001	-1.9950E+001	-1.5654E+002
 5.5718E-001	-2.0099E+001	-1.5654E+002
 5.6117E-001	-2.0239E+001	-1.5654E+002
 5.6517E-001	-2.0370E+001	-1.5654E+002
 5.6916E-001	-2.0503E+001	-1.5654E+002
 5.7315E-001	-2.0615E+001	-1.5654E+002
 5.7715E-001	-2.0719E+001	-1.5654E+002
 5.8114E-001	-2.0815E+001	-1.5654E+002
 5.8514E-001	-2.0903E+001	-1.5654E+002
 5.8913E-001	-2.0984E+001	-1.5654E+002
 5.9312E-001	-2.1057E+001	-1.5654E+002
 5.9712E-001	-2.1124E+001	-1.5654E+002
 6.0111E-001	-2.1183E+001	-1.5654E+002
 6.0511E-001	-2.1236E+001	-1.5654E+002
 6.0910E-001	-2.1282E+001	-1.5654E+002
 6.1309E-001	-2.1322E+001	-1.5654E+002
 6.1709E-001	-2.1355E+001	-1.5654E+002
 6.2108E-001	-2.1382E+001	-1.5654E+002
 6.2508E-001	-2.1403E+001	-1.5654E+002
 6.2907E-001	-2.1418E+001	-1.5654E+002
 6.3306E-001	-2.1428E+001	-1.5654E+002
 6.3706E-001	-2.1420E+001	-1.5654E+002
 6.4105E-001	-2.1417E+001	-1.5654E+002
 6.4505E-001	-2.1408E+001	-1.5654E+002
 6.4904E-001	-2.1393E+001	-1.5654E+002
 6.5303E-001	-2.1373E+001	-1.5654E+002
 6.5703E-001	-2.1348E+001	-1.5654E+002
 6.6102E-001	-2.1317E+001	-1.5654E+002
 6.6502E-001	-2.1281E+001	-1.5654E+002
 6.6901E-001	-2.1240E+001	-1.5654E+002
 6.7300E-001	-2.1194E+001	-1.5654E+002
 6.7700E-001	-2.1142E+001	-1.5654E+002
 6.8099E-001	-2.1085E+001	-1.5654E+002
 6.8498E-001	-2.1023E+001	-1.5654E+002
 6.8898E-001	-2.0956E+001	-1.5654E+002
 6.9297E-001	-2.0884E+001	-1.5654E+002
 6.9697E-001	-2.0807E+001	-1.5654E+002
 7.0096E-001	-2.0700E+001	-1.5654E+002
 7.0495E-001	-2.0611E+001	-1.5654E+002
 7.0895E-001	-2.0518E+001	-1.5654E+002
 7.1294E-001	-2.0419E+001	-1.5654E+002
 7.1694E-001	-2.0316E+001	-1.5654E+002
 7.2093E-001	-2.0207E+001	-1.5654E+002
 7.2492E-001	-2.0093E+001	-1.5654E+002
 7.2892E-001	-1.9975E+001	-1.5654E+002
 7.3291E-001	-1.9851E+001	-1.5654E+002
 7.3691E-001	-1.9722E+001	-1.5654E+002
 7.4090E-001	-1.9588E+001	-1.5654E+002
 7.4489E-001	-1.9448E+001	-1.5654E+002
 7.4889E-001	-1.9304E+001	-1.5654E+002
 7.5288E-001	-1.9154E+001	-1.5654E+002
 7.5688E-001	-1.8999E+001	-1.5654E+002
 7.6087E-001	-1.8839E+001	-1.5654E+002
 7.6486E-001	-1.8674E+001	-1.5654E+002
 7.6886E-001	-1.8466E+001	-1.5654E+002
 7.7285E-001	-1.8289E+001	-1.5654E+002
 7.7685E-001	-1.8106E+001	-1.5654E+002
 7.8084E-001	-1.7918E+001	-1.5654E+002
 7.8483E-001	-1.7724E+001	-1.5654E+002
 7.8883E-001	-1.7524E+001	-1.5654E+002
 7.9282E-001	-1.7319E+001	-1.5654E+002
 7.9682E-001	-1.7108E+001	-1.5654E+002
 8.0081E-001	-1.6892E+001	-1.5654E+002
 8.0480E-001	-1.6669E+001	-1.5654E+002
 8.0880E-001	-1.6441E+001	-1.5654E+002
 8.1279E-001	-1.6206E+001	-1.5654E+002
 8.1679E-001	-1.5966E+001	-1.5654E+002
 8.2078E-001	-1.5719E+001	-1.5654E+002
 8.2477E-001	-1.5466E+001	-1.5654E+002
 8.2877E-001	-1.5207E+001	-1.5654E+002
 8.3276E-001	-1.4942E+001	-1.5654E+002
 8.3676E-001	-1.4621E+001	-1.5654E+002
 8.4075E-001	-1.4342E+001	-1.5654E+002
 8.4474E-001	-1.4056E+001	-1.5654E+002
 8.4874E-001	-1.3764E+001	-1.5654E+002
 8.5273E-001	-1.3465E+001	-1.5654E+002
 8.5673E-001	-1.3161E+001	-1.5654E+002
 8.6072E-001	-1.2850E+001	-1.5654E+002
 8.6471E-001	-1.2533E+001	-1.5654E+002
 8.6871E-001	-1.2211E+001	-1.5654E+002
 8.7270E-001	-1.1883E+001	-1.5654E+002
 8.7670E-001	-1.1551E+001	-1.5654E+002
 8.8069E-001	-1.1214E+001	-1.5654E+002
 8.8468E-001	-1.0874E+001	-1.5654E+002
 8.8868E-001	-1.0531E+001	-1.5654E+002
 8.9267E-001	-1.0187E+001	-1.5654E+002
 8.9667E-001	-9.8423E+000	-1.5654E+002
 9.0066E-001	-9.4457E+000	-1.5654E+002
 9.0465E-001	-9.1067E+000	-1.5654E+002
 9.0865E-001	-8.7737E+000	-1.5654E+002
 9.1264E-001	-8.4494E+000	-1.5654E+002
 9.1664E-001	-8.1368E+000	-1.5654E+002
 9.2063E-001	-7.8392E+000	-1.5654E+002
 9.2462E-001	-7.5599E+000	-1.5654E+002
 9.2862E-001	-7.3027E+000	-1.5654E+002
 9.3261E-001	-7.0712E+000	-1.5654E+002
 9.3661E-001	-6.8685E+000	-1.5654E+002
 9.4060E-001	-6.6978E+000	-1.5654E+002
 9.4459E-001	-6.5614E+000	-1.5654E+002
 9.4859E-001	-6.4607E+000	-1.5654E+002
 9.5258E-001	-6.3965E+000	-1.5654E+002
 9.5658E-001	-6.3684E+000	-1.5654E+002
 9.6057E-001	-6.3752E+000	-1.5654E+002
 9.6456E-001	-6.4146E+000	-1.5654E+002
 9.6856E-001	-6.4975E+000	-1.5654E+002
 9.7255E-001	-6.5973E+000	-1.5654E+002
 9.7655E-001	-6.7196E+000	-1.5654E+002
 9.8054E-001	-6.8611E+000	-1.5654E+002
 9.8453E-001	-7.0181E+000	-1.5654E+002
 9.8853E-001	-7.1874E+000	-1.5654E+002
 9.9252E-001	-7.3659E+000	-1.5654E+002
 9.9652E-001	-7.5510E+000	-1.5654E+002
 1.0005E+000	-7.7404E+000	-1.5654E+002
 1.0045E+000	-7.9319E+000	-1.5654E+002
 1.0085E+000	-8.1238E+000	-1.5654E+002
 1.0125E+000	-8.3148E+000	-1.5654E+002
 1.0165E+000	-8.5037E+000	-1.5654E+002
 1.0205E+000	-8.6895E+000	-1.5654E+002
 1.0245E+000	-8.8714E+000	-1.5654E+002
 1.0285E+000	-9.0487E+000	-1.5654E+002
 1.0325E+000	-9.2211E+000	-1.5654E+002
 1.0365E+000	-9.4097E+000	-1.5654E+002
 1.0405E+000	-9.5704E+000	-1.5654E+002
 1.0444E+000	-9.7252E+000	-1.5654E+002
 1.0484E+000	-9.8740E+000	-1.5654E+002
 1.0524E+000	-1.0017E+001	-1.5654E+002
 1.0564E+000	-1.0153E+001	-1.5654E+002
 1.0604E+000	-1.0284E+001	-1.5654E+002
 1.0644E+000	-1.0408E+001	-1.5654E+002
 1.0684E+000	-1.0527E+001	-1.5654E+002
 1.0724E+000	-1.0639E+001	-1.5654E+002
 1.0764E+000	-1.0745E+001	-1.5654E+002
 1.0804E+000	-1.0845E+001	-1.5654E+002
 1.0844E+000	-1.0940E+001	-1.5654E+002
 1.0884E+000	-1.1029E+001	-1.5654E+002
 1.0924E+000	-1.1112E+001	-1.5654E+002
 1.0964E+000	-1.1189E+001	-1.5654E+002
 1.1004E+000	-1.1268E+001	-1.5654E+002
 1.1044E+000	-1.1333E+001	-1.5654E+002
 1.1083E+000	-1.1394E+001	-1.5654E+002
 1.1123E+000	-1.1449E+001	-1.5654E+002
 1.1163E+000	-1.1498E+001	-1.5654E+002
 1.1203E+000	-1.1543E+001	-1.5654E+002
 1.1243E+000	-1.1582E+001	-1.5654E+002
 1.1283E+000	-1.1617E+001	-1.5654E+002
 1.1323E+000	-1.1646E+001	-1.5654E+002
 1.1363E+000	-1.1670E+001	-1.5654E+002
 1.1403E+000	-1.1690E+001	-1.5654E+002
 1.1443E+000	-1.1704E+001	-1.5654E+002
 1.1483E+000	-1.1714E+001	-1.5654E+002
 1.1523E+000	-1.1719E+001	-1.5654E+002
 1.1563E+000	-1.1719E+001	-1.5654E+002
 1.1603E+000	-1.1714E+001	-1.5654E+002
 1.1643E+000	-1.1705E+001	-1.5654E+002
 1.1683E+000	-1.1686E+001	-1.5654E+002
 1.1723E+000	-1.1666E+001	-1.5654E+002
 1.1762E+000	-1.1642E+001	-1.5654E+002
 1.1802E+000	-1.1614E+001	-1.5654E+002
 1.1842E+000	-1.1581E+001	-1.5654E+002
 1.1882E+000	-1.1543E+001	-1.5654E+002
 1.1922E+000	-1.1500E+001	-1.5654E+002
 1.1962E+000	-1.1453E+001	-1.5654E+002
 1.2002E+000	-1.1402E+001	-1.5654E+002
 1.2042E+000	-1.1346E+001	-1.5654E+002
 1.2082E+000	-1.1285E+001	-1.5654E+002
 1.2122E+000	-1.1219E+001	-1.5654E+002
 1.2162E+000	-1.1149E+001	-1.5654E+002
 1.2202E+000	-1.1075E+001	-1.5654E+002
 1.2242E+000	-1.0995E+001	-1.5654E+002
 1.2282E+000	-1.0911E+001	-1.5654E+002
 1.2322E+000	-1.0822E+001	-1.5654E+002
 1.2362E+000	-1.0713E+001	-1.5654E+002
 1.2402E+000	-1.0614E+001	-1.5654E+002
 1.2441E+000	-1.0510E+001	-1.5654E+002
 1.2481E+000	-1.0402E+001	-1.5654E+002
 1.2521E+000	-1.0288E+001	-1.5654E+002
 1.2561E+000	-1.0170E+001	-1.5654E+002
 1.2601E+000	-1.0047E+001	-1.5654E+002
 1.2641E+000	-9.9193E+000	-1.5654E+002
 1.2681E+000	-9.7864E+000	-1.5654E+002
 1.2721E+000	-9.6485E+000	-1.5654E+002
 1.2761E+000	-9.5056E+000	-1.5654E+002
 1.2801E+000	-9.3576E+000	-1.5654E+002
 1.2841E+000	-9.2046E+000	-1.5654E+002
 1.2881E+000	-9.0465E+000	-1.5654E+002
 1.2921E+000	-8.8833E+000	-1.5654E+002
 1.2961E+000	-8.7149E+000	-1.5654E+002
 1.3001E+000	-8.5157E+000	-1.5654E+002
 1.3041E+000	-8.3362E+000	-1.5654E+002
 1.3080E+000	-8.1515E+000	-1.5654E+002
 1.3120E+000	-7.9616E+000	-1.5654E+002
 1.3160E+000	-7.7666E+000	-1.5654E+002
 1.3200E+000	-7.5664E+000	-1.5654E+002
 1.3240E+000	-7.3612E+000	-1.5654E+002
 1.3280E+000	-7.1509E+000	-1.5654E+002
 1.3320E+000	-6.9358E+000	-1.5654E+002
 1.3360E+000	-6.7158E+000	-1.5654E+002
 1.3400E+000	-6.4912E+000	-1.5654E+002
 1.3440E+000	-6.2621E+000	-1.5654E+002
 1.3480E+000	-6.0289E+000	-1.5654E+002
 1.3520E+000	-5.7917E+000	-1.5654E+002
 1.3560E+000	-5.5509E+000	-1.5654E+002
 1.3600E+000	-5.3070E+000	-1.5654E+002
 1.3640E+000	-5.0604E+000	-1.5654E+002
 1.3680E+000	-4.7786E+000	-1.5654E+002
 1.3720E+000	-4.5284E+000	-1.5654E+002
 1.3759E+000	-4.2778E+000	-1.5654E+002
 1.3799E+000	-4.0277E+000	-1.5654E+002
 1.3839E+000	-3.7792E+000	-1.5654E+002
 1.3879E+000	-3.5335E+000	-1.5654E+002
 1.3919E+000	-3.2920E+000	-1.5654E+002
 1.3959E+000	-3.0563E+000	-1.5654E+002
 1.3999E+000	-2.8280E+000	-1.5654E+002
 1.4039E+000	-2.6088E+000	-1.5654E+002
 1.4079E+000	-2.4008E+000	-1.5654E+002
 1.4119E+000	-2.2057E+000	-1.5654E+002
 1.4159E+000	-2.0256E+000	-1.5654E+002
 1.4199E+000	-1.8624E+000	-1.5654E+002
 1.4239E+000	-1.7178E+000	-1.5654E+002
 1.4279E+000	-1.5935E+000	-1.5654E+002
 1.4319E+000	-1.4907E+000	-1.5654E+002
 1.4359E+000	-1.4031E+000	-1.5654E+002
 1.4398E+000	-1.3491E+000	-1.5654E+002
 1.4438E+000	-1.3184E+000	-1.5654E+002
 1.4478E+000	-1.3108E+000	-1.5654E+002
 1.4518E+000	-1.3256E+000	-1.5654E+002
 1.4558E+000	-1.3618E+000	-1.5654E+002
 1.4598E+000	-1.4179E+000	-1.5654E+002
 1.4638E+000	-1.4924E+000	-1.5654E+002
 1.4678E+000	-1.5834E+000	-1.5654E+002
 1.4718E+000	-1.6890E+000	-1.5654E+002
 1.4758E+000	-1.8072E+000	-1.5654E+002
 1.4798E+000	-1.9362E+000	-1.5654E+002
 1.4838E+000	-2.0742E+000	-1.5654E+002
 1.4878E+000	-2.2193E+000	-1.5654E+002
 1.4918E+000	-2.3699E+000	-1.5654E+002
 1.4958E+000	-2.5246E+000	-1.5654E+002
 1.4998E+000	-2.6820E+000	-1.5654E+002
 1.5038E+000	-2.8611E+000	-1.5654E+002
 1.5077E+000	-3.0206E+000	-1.5654E+002
 1.5117E+000	-3.1796E+000	-1.5654E+002
 1.5157E+000	-3.3374E+000	-1.5654E+002
 1.5197E+000	-3.4932E+000	-1.5654E+002
 1.5237E+000	-3.6465E+000	-1.5654E+002
 1.5277E+000	-3.7969E+000	-1.5654E+002
 1.5317E+000	-3.9439E+000	-1.5654E+002
 1.5357E+000	-4.0872E+000	-1.5654E+002
 1.5397E+000	-4.2265E+000	-1.5654E+002
 1.5437E+000	-4.3617E+000	-1.5654E+002
 1.5477E+000	-4.4925E+000	-1.5654E+002
 1.5517E+000	-4.6189E+000	-1.5654E+002
 1.5557E+000	-4.7407E+000	-1.5654E+002
 1.5597E+000	-4.8577E+000	-1.5654E+002
 1.5637E+000	-4.9701E+000	-1.5654E+002
 1.5677E+000	-5.0899E+000	-1.5654E+002
 1.5717E+000	-5.1921E+000	-1.5654E+002
 1.5756E+000	-5.2896E+000	-1.5654E+002
 1.5796E+000	-5.3822E+000	-1.5654E+002
 1.5836E+000	-5.4701E+000	-1.5654E+002
 1.5876E+000	-5.5532E+000	-1.5654E+002
 1.5916E+000	-5.6315E+000	-1.5654E+002
 1.5956E+000	-5.7051E+000	-1.5654E+002
 1.5996E+000	-5.7740E+000	-1.5654E+002
 1.6036E+000	-5.8382E+000	-1.5654E+002
 1.6076E+000	-5.8978E+000	-1.5654E+002
 1.6116E+000	-5.9528E+000	-1.5654E+002
 1.6156E+000	-6.0031E+000	-1.5654E+002
 1.6196E+000	-6.0490E+000	-1.5654E+002
 1.6236E+000	-6.0903E+000	-1.5654E+002
 1.6276E+000	-6.1271E+000	-1.5654E+002
 1.6316E+000	-6.1595E+000	-1.5654E+002
 1.6356E+000	-6.1897E+000	-1.5654E+002
 1.6395E+000	-6.2127E+000	-1.5654E+002
 1.6435E+000	-6.2313E+000	-1.5654E+002
 1.6475E+000	-6.2456E+000	-1.5654E+002
 1.6515E+000	-6.2555E+000	-1.5654E+002
 1.6555E+000	-6.2611E+000	-1.5654E+002
 1.6595E+000	-6.2624E+000	-1.5654E+002
 1.6635E+000	-6.2594E+000	-1.5654E+002
 1.6675E+000	-6.2522E+000	-1.5654E+002
 1.6715E+000	-6.2406E+000	-1.5654E+002
 1.6755E+000	-6.2249E+000	-1.5654E+002
 1.6795E+000	-6.2048E+000	-1.5654E+002
 1.6835E+000	-6.1805E+000	-1.5654E+002
 1.6875E+000	-6.1520E+000	-1.5654E+002
 1.6915E+000	-6.1192E+000	-1.5654E+002
 1.6955E+000	-6.0821E+000	-1.5654E+002
 1.6995E+000	-6.0409E+000	-1.5654E+002
 1.7035E+000	-5.9888E+000	-1.5654E+002
 1.7074E+000	-5.9384E+000	-1.5654E+002
 1.7114E+000	-5.8838E+000	-1.5654E+002
 1.7154E+000	-5.8249E+000	-1.5654E+002
 1.7194E+000	-5.7618E+000	-1.5654E+002
 1.7234E+000	-5.6943E+000	-1.5654E+002
 1.7274E+000	-5.6225E+000	-1.5654E+002
 1.7314E+000	-5.5463E+000	-1.5654E+002
 1.7354E+000	-5.4658E+000	-1.5654E+002
 1.7394E+000	-5.3810E+000	-1.5654E+002
 1.7434E+000	-5.2918E+000	-1.5654E+002
 1.7474E+000	-5.1981E+000	-1.5654E+002
 1.7514E+000	-5.1001E+000	-1.5654E+002
 1.7554E+000	-4.9977E+000	-1.5654E+002
 1.7594E+000	-4.8908E+000	-1.5654E+002
 1.7634E+000	-4.7795E+000	-1.5654E+002
 1.7674E+000	-4.6494E+000	-1.5654E+002
 1.7714E+000	-4.5286E+000	-1.5654E+002
 1.7753E+000	-4.4033E+000	-1.5654E+002
 1.7793E+000	-4.2736E+000	-1.5654E+002
 1.7833E+000	-4.1394E+000	-1.5654E+002
 1.7873E+000	-4.0008E+000	-1.5654E+002
 1.7913E+000	-3.8577E+000	-1.5654E+002
 1.7953E+000	-3.7103E+000	-1.5654E+002
 1.7993E+000	-3.5585E+000	-1.5654E+002
 1.8033E+000	-3.4024E+000	-1.5654E+002
 1.8073E+000	-3.2420E+000	-1.5654E+002
 1.8113E+000	-3.0775E+000	-1.5654E+002
 1.8153E+000	-2.9090E+000	-1.5654E+002
 1.8193E+000	-2.7365E+000	-1.5654E+002
 1.8233E+000	-2.5602E+000	-1.5654E+002
 1.8273E+000	-2.3803E+000	-1.5654E+002
 1.8313E+000	-2.1970E+000	-1.5654E+002
 1.8353E+000	-1.9892E+000	-1.5654E+002
 1.8392E+000	-1.7995E+000	-1.5654E+002
 1.8432E+000	-1.6074E+000	-1.5654E+002
 1.8472E+000	-1.4131E+000	-1.5654E+002
 1.8512E+000	-1.2171E+000	-1.5654E+002
 1.8552E+000	-1.0201E+000	-1.5654E+002
 1.8592E+000	-8.2240E-001	-1.5654E+002
 1.8632E+000	-6.2484E-001	-1.5654E+002
 1.8672E+000	-4.2810E-001	-1.5654E+002
 1.8712E+000	-2.3301E-001	-1.5654E+002
 1.8752E+000	-4.0458E-002	-1.5654E+002
 1.8792E+000	 1.4857E-001	-1.5654E+002
 1.8832E+000	 3.3299E-001	-1.5654E+002
 1.8872E+000	 5.1169E-001	-1.5654E+002
 1.8912E+000	 6.8345E-001	-1.5654E+002
 1.8952E+000	 8.4702E-001	-1.5654E+002
 1.8992E+000	 1.0011E+000	-1.5654E+002
 1.9032E+000	 1.1586E+000	-1.5654E+002
 1.9071E+000	 1.2885E+000	-1.5654E+002
 1.9111E+000	 1.4051E+000	-1.5654E+002
 1.9151E+000	 1.5073E+000	-1.5654E+002
 1.9191E+000	 1.5941E+000	-1.5654E+002
 1.9231E+000	 1.6649E+000	-1.5654E+002
 1.9271E+000	 1.7189E+000	-1.5654E+002
 1.9311E+000	 1.7559E+000	-1.5654E+002
 1.9351E+000	 1.7757E+000	-1.5654E+002
 1.9391E+000	 1.7785E+000	-1.5654E+002
 1.9431E+000	 1.7647E+000	-1.5654E+002
 1.9471E+000	 1.7349E+000	-1.5654E+002
 1.9511E+000	 1.6898E+000	-1.5654E+002
 1.9551E+000	 1.6305E+000	-1.5654E+002
 1.9591E+000	 1.5579E+000	-1.5654E+002
 1.9631E+000	 1.4734E+000	-1.5654E+002
 1.9671E+000	 1.3658E+000	-1.5654E+002
 1.9711E+000	 1.2601E+000	-1.5654E+002
 1.9750E+000	 1.1462E+000	-1.5654E+002
 1.9790E+000	 1.0256E+000	-1.5654E+002
 1.9830E+000	 8.9925E-001	-1.5654E+002
 1.9870E+000	 7.6837E-001	-1.5654E+002
 1.9910E+000	 6.3397E-001	-1.5654E+002
 1.9950E+000	 4.9703E-001	-1.5654E+002
 1.9990E+000	 3.5840E-001	-1.5654E+002
 2.0030E+000	 2.1890E-001	-1.5654E+002
 2.0070E+000	 7.9217E-002	-1.5654E+002
 2.0110E+000	-6.0004E-002	-1.5654E+002
 2.0150E+000	-1.9821E-001	-1.5654E+002
 2.0190E+000	-3.3490E-001	-1.5654E+002
 2.0230E+000	-4.6965E-001	-1.5654E+002
 2.0270E+000	-6.0209E-001	-1.5654E+002
 2.0310E+000	-7.3190E-001	-1.5654E+002
 2.0350E+000	-8.7288E-001	-1.5654E+002
 2.0389E+000	-9.9631E-001	-1.5654E+002
 2.0429E+000	-1.1164E+000	-1.5654E+002
 2.0469E+000	-1.2329E+000	-1.5654E+002
 2.0509E+000	-1.3458E+000	-1.5654E+002
 2.0549E+000	-1.4548E+000	-1.5654E+002
 2.0589E+000	-1.5600E+000	-1.5654E+002
 2.0629E+000	-1.6613E+000	-1.5654E+002
 2.0669E+000	-1.7585E+000	-1.5654E+002
 2.0709E+000	-1.8517E+000	-1.5654E+002
 2.0749E+000	-1.9408E+000	-1.5654E+002
 2.0789E+000	-2.0258E+000	-1.5654E+002
 2.0829E+000	-2.1066E+000	-1.5654E+002
 2.0869E+000	-2.1833E+000	-1.5654E+002
 2.0909E+000	-2.2559E+000	-1.5654E+002
 2.0949E+000	-2.3243E+000	-1.5654E+002
 2.0989E+000	-2.3885E+000	-1.5654E+002
 2.1029E+000	-2.4551E+000	-1.5654E+002
 2.1068E+000	-2.5107E+000	-1.5654E+002
 2.1108E+000	-2.5621E+000	-1.5654E+002
 2.1148E+000	-2.6094E+000	-1.5654E+002
 2.1188E+000	-2.6527E+000	-1.5654E+002
 2.1228E+000	-2.6919E+000	-1.5654E+002
 2.1268E+000	-2.7269E+000	-1.5654E+002
 2.1308E+000	-2.7580E+000	-1.5654E+002
 2.1348E+000	-2.7850E+000	-1.5654E+002
 2.1388E+000	-2.8080E+000	-1.5654E+002
 2.1428E+000	-2.8269E+000	-1.5654E+002
 2.1468E+000	-2.8419E+000	-1.5654E+002
 2.1508E+000	-2.8528E+000	-1.5654E+002
 2.1548E+000	-2.8598E+000	-1.5654E+002
 2.1588E+000	-2.8628E+000	-1.5654E+002
 2.1628E+000	-2.8619E+000	-1.5654E+002
 2.1668E+000	-2.8565E+000	-1.5654E+002
 2.1708E+000	-2.8472E+000	-1.5654E+002
 2.1747E+000	-2.8340E+000	-1.5654E+002
 2.1787E+000	-2.8168E+000	-1.5654E+002
 2.1827E+000	-2.7956E+000	-1.5654E+002
 2.1867E+000	-2.7706E+000	-1.5654E+002
 2.1907E+000	-2.7415E+000	-1.5654E+002
 2.1947E+000	-2.7086E+000	-1.5654E+002
 2.1987E+000	-2.6717E+000	-1.5654E+002
 2.2027E+000	-2.6308E+000	-1.5654E+002
 2.2067E+000	-2.5859E+000	-1.5654E+002
 2.2107E+000	-2.5372E+000	-1.5654E+002
 2.2147E+000	-2.4844E+000	-1.5654E+002
 2.2187E+000	-2.4277E+000	-1.5654E+002
 2.2227E+000	-2.3670E+000	-1.5654E+002
 2.2267E+000	-2.3023E+000	-1.5654E+002
 2.2307E+000	-2.2336E+000	-1.5654E+002
 2.2347E+000	-2.1535E+000	-1.5654E+002
 2.2386E+000	-2.0765E+000	-1.5654E+002
 2.2426E+000	-1.9954E+000	-1.5654E+002
 2.2466E+000	-1.9103E+000	-1.5654E+002
 2.2506E+000	-1.8213E+000	-1.5654E+002
 2.2546E+000	-1.7282E+000	-1.5654E+002
 2.2586E+000	-1.6312E+000	-1.5654E+002
 2.2626E+000	-1.5302E+000	-1.5654E+002
 2.2666E+000	-1.4253E+000	-1.5654E+002
 2.2706E+000	-1.3164E+000	-1.5654E+002
 2.2746E+000	-1.2037E+000	-1.5654E+002
 2.2786E+000	-1.0870E+000	-1.5654E+002
 2.2826E+000	-9.6660E-001	-1.5654E+002
 2.2866E+000	-8.4239E-001	-1.5654E+002
 2.2906E+000	-7.1447E-001	-1.5654E+002
 2.2946E+000	-5.8294E-001	-1.5654E+002
 2.2986E+000	-4.4787E-001	-1.5654E+002
 2.3026E+000	-2.9570E-001	-1.5654E+002
 2.3065E+000	-1.5356E-001	-1.5654E+002
 2.3105E+000	-8.2829E-003	-1.5654E+002
 2.3145E+000	 1.3996E-001	-1.5654E+002
 2.3185E+000	 2.9096E-001	-1.5654E+002
 2.3225E+000	 4.4451E-001	-1.5654E+002
 2.3265E+000	 6.0034E-001	-1.5654E+002
 2.3305E+000	 7.5815E-001	-1.5654E+002
 2.3345E+000	 9.1762E-001	-1.5654E+002
 2.3385E+000	 1.0784E+000	-1.5654E+002
 2.3425E+000	 1.2400E+000	-1.5654E+002
 2.3465E+000	 1.4020E+000	-1.5654E+002
 2.3505E+000	 1.5638E+000	-1.5654E+002
 2.3545E+000	 1.7250E+000	-1.5654E+002
 2.3585E+000	 1.8848E+000	-1.5654E+002
 2.3625E+000	 2.0427E+000	-1.5654E+002
 2.3665E+000	 2.1977E+000	-1.5654E+002
 2.3705E+000	 2.3630E+000	-1.5654E+002
 2.3744E+000	 2.5097E+000	-1.5654E+002
 2.3784E+000	 2.6510E+000	-1.5654E+002
 2.3824E+000	 2.7862E+000	-1.5654E+002
 2.3864E+000	 2.9141E+000	-1.5654E+002
 2.3904E+000	 3.0340E+000	-1.5654E+002
 2.3944E+000	 3.1448E+000	-1.5654E+002
 2.3984E+000	 3.2457E+000	-1.5654E+002
 2.4024E+000	 3.3359E+000	-1.5654E+002
 2.4064E+000	 3.4147E+000	-1.5654E+002
 2.4104E+000	 3.4813E+000	-1.5654E+002
 2.4144E+000	 3.5352E+000	-1.5654E+002
 2.4184E+000	 3.5760E+000	-1.5654E+002
 2.4224E+000	 3.6034E+000	-1.5654E+002
 2.4264E+000	 3.6174E+000	-1.5654E+002
 2.4304E+000	 3.6180E+000	-1.5654E+002
 2.4344E+000	 3.6016E+000	-1.5654E+002
 2.4383E+000	 3.5749E+000	-1.5654E+002
 2.4423E+000	 3.5359E+000	-1.5654E+002
 2.4463E+000	 3.4852E+000	-1.5654E+002
 2.4503E+000	 3.4235E+000	-1.5654E+002
 2.4543E+000	 3.3517E+000	-1.5654E+002
 2.4583E+000	 3.2706E+000	-1.5654E+002
 2.4623E+000	 3.1812E+000	-1.5654E+002
 2.4663E+000	 3.0843E+000	-1.5654E+002
 2.4703E+000	 2.9809E+000	-1.5654E+002
 2.4743E+000	 2.8719E+000	-1.5654E+002
 2.4783E+000	 2.7582E+000	-1.5654E+002
 2.4823E+000	 2.6405E+000	-1.5654E+002
 2.4863E+000	 2.5197E+000	-1.5654E+002
 2.4903E+000	 2.3966E+000	-1.5654E+002
 2.4943E+000	 2.2718E+000	-1.5654E+002
 2.4983E+000	 2.1459E+000	-1.5654E+002
 2.5023E+000	 2.0060E+000	-1.5654E+002
 2.5062E+000	 1.8798E+000	-1.5654E+002
 2.5102E+000	 1.7542E+000	-1.5654E+002
 2.5142E+000	 1.6296E+000	-1.5654E+002
 2.5182E+000	 1.5064E+000	-1.5654E+002
 2.5222E+000	 1.3850E+000	-1.5654E+002
 2.5262E+000	 1.2656E+000	-1.5654E+002
 2.5302E+000	 1.1484E+000	-1.5654E+002
 2.5342E+000	 1.0338E+000	-1.5654E+002
 2.5382E+000	 9.2192E-001	-1.5654E+002
 2.5422E+000	 8.1293E-001	-1.5654E+002
 2.5462E+000	 7.0698E-001	-1.5654E+002
 2.5502E+000	 6.0420E-001	-1.5654E+002
 2.5542E+000	 5.0471E-001	-1.5654E+002
 2.5582E+000	 4.0860E-001	-1.5654E+002
 2.5622E+000	 3.1595E-001	-1.5654E+002
 2.5662E+000	 2.2681E-001	-1.5654E+002
 2.5702E+000	 1.3223E-001	-1.5654E+002
 2.5741E+000	 5.0630E-002	-1.5654E+002
 2.5781E+000	-2.7310E-002	-1.5654E+002
 2.5821E+000	-1.0156E-001	-1.5654E+002
 2.5861E+000	-1.7209E-001	-1.5654E+002
 2.5901E+000	-2.3890E-001	-1.5654E+002
 2.5941E+000	-3.0196E-001	-1.5654E+002
 2.5981E+000	-3.6128E-001	-1.5654E+002
 2.6021E+000	-4.1684E-001	-1.5654E+002
 2.6061E+000	-4.6864E-001	-1.5654E+002
 2.6101E+000	-5.1668E-001	-1.5654E+002
 2.6141E+000	-5.6097E-001	-1.5654E+002
 2.6181E+000	-6.0150E-001	-1.5654E+002
 2.6221E+000	-6.3829E-001	-1.5654E+002
 2.6261E+000	-6.7134E-001	-1.5654E+002
 2.6301E+000	-7.0064E-001	-1.5654E+002
 2.6341E+000	-7.2933E-001	-1.5654E+002
 2.6380E+000	-7.5084E-001	-1.5654E+002
 2.6420E+000	-7.6862E-001	-1.5654E+002
 2.6460E+000	-7.8269E-001	-1.5654E+002
 2.6500E+000	-7.9305E-001	-1.5654E+002
 2.6540E+000	-7.9971E-001	-1.5654E+002
 2.6580E+000	-8.0267E-001	-1.5654E+002
 2.6620E+000	-8.0194E-001	-1.5654E+002
 2.6660E+000	-7.9751E-001	-1.5654E+002
 2.6700E+000	-7.8940E-001	-1.5654E+002
 2.6740E+000	-7.7761E-001	-1.5654E+002
 2.6780E+000	-7.6213E-001	-1.5654E+002
 2.6820E+000	-7.4298E-001	-1.5654E+002
 2.6860E+000	-7.2015E-001	-1.5654E+002
 2.6900E+000	-6.9365E-001	-1.5654E+002
 2.6940E+000	-6.6347E-001	-1.5654E+002
 2.6980E+000	-6.2962E-001	-1.5654E+002
 2.7020E+000	-5.8929E-001	-1.5654E+002
 2.7059E+000	-5.4775E-001	-1.5654E+002
 2.7099E+000	-5.0255E-001	-1.5654E+002
 2.7139E+000	-4.5368E-001	-1.5654E+002
 2.7179E+000	-4.0115E-001	-1.5654E+002
 2.7219E+000	-3.4496E-001	-1.5654E+002
 2.7259E+000	-2.8512E-001	-1.5654E+002
 2.7299E+000	-2.2163E-001	-1.5654E+002
 2.7339E+000	-1.5450E-001	-1.5654E+002
 2.7379E+000	-8.3742E-002	-1.5654E+002
 2.7419E+000	-9.3733E-003	-1.5654E+002
 2.7459E+000	 6.8591E-002	-1.5654E+002
 2.7499E+000	 1.5013E-001	-1.5654E+002
 2.7539E+000	 2.3522E-001	-1.5654E+002
 2.7579E+000	 3.2383E-001	-1.5654E+002
 2.7619E+000	 4.1592E-001	-1.5654E+002
 2.7659E+000	 5.1146E-001	-1.5654E+002
 2.7698E+000	 6.1869E-001	-1.5654E+002
 2.7738E+000	 7.2126E-001	-1.5654E+002
 2.7778E+000	 8.2709E-001	-1.5654E+002
 2.7818E+000	 9.3609E-001	-1.5654E+002
 2.7858E+000	 1.0482E+000	-1.5654E+002
 2.7898E+000	 1.1633E+000	-1.5654E+002
 2.7938E+000	 1.2812E+000	-1.5654E+002
 2.7978E+000	 1.4019E+000	-1.5654E+002
 2.8018E+000	 1.5251E+000	-1.5654E+002
 2.8058E+000	 1.6507E+000	-1.5654E+002
 2.8098E+000	 1.7785E+000	-1.5654E+002
 2.8138E+000	 1.9083E+000	-1.5654E+002
 2.8178E+000	 2.0398E+000	-1.5654E+002
 2.8218E+000	 2.1727E+000	-1.5654E+002
 2.8258E+000	 2.3068E+000	-1.5654E+002
 2.8298E+000	 2.4416E+000	-1.5654E+002
 2.8338E+000	 2.5878E+000	-1.5654E+002
 2.8377E+000	 2.7230E+000	-1.5654E+002
 2.8417E+000	 2.8577E+000	-1.5654E+002
 2.8457E+000	 2.9913E+000	-1.5654E+002
 2.8497E+000	 3.1235E+000	-1.5654E+002
 2.8537E+000	 3.2535E+000	-1.5654E+002
 2.8577E+000	 3.3808E+000	-1.5654E+002
 2.8617E+000	 3.5047E+000	-1.5654E+002
 2.8657E+000	 3.6246E+000	-1.5654E+002
 2.8697E+000	 3.7398E+000	-1.5654E+002
 2.8737E+000	 3.8495E+000	-1.5654E+002
 2.8777E+000	 3.9531E+000	-1.5654E+002
 2.8817E+000	 4.0497E+000	-1.5654E+002
 2.8857E+000	 4.1389E+000	-1.5654E+002
 2.8897E+000	 4.2198E+000	-1.5654E+002
 2.8937E+000	 4.2918E+000	-1.5654E+002
 2.8977E+000	 4.3544E+000	-1.5654E+002
 2.9017E+000	 4.4094E+000	-1.5654E+002
 2.9056E+000	 4.4508E+000	-1.5654E+002
 2.9096E+000	 4.4814E+000	-1.5654E+002
 2.9136E+000	 4.5011E+000	-1.5654E+002
 2.9176E+000	 4.5098E+000	-1.5654E+002
 2.9216E+000	 4.5075E+000	-1.5654E+002
 2.9256E+000	 4.4943E+000	-1.5654E+002
 2.9296E+000	 4.4703E+000	-1.5654E+002
 2.9336E+000	 4.4361E+000	-1.5654E+002
 2.9376E+000	 4.3919E+000	-1.5654E+002
 2.9416E+000	 4.3383E+000	-1.5654E+002
 2.9456E+000	 4.2759E+000	-1.5654E+002
 2.9496E+000	 4.2052E+000	-1.5654E+002
 2.9536E+000	 4.1270E+000	-1.5654E+002
 2.9576E+000	 4.0420E+000	-1.5654E+002
 2.9616E+000	 3.9507E+000	-1.5654E+002
 2.9656E+000	 3.8541E+000	-1.5654E+002
 2.9695E+000	 3.7416E+000	-1.5654E+002
 2.9735E+000	 3.6358E+000	-1.5654E+002
 2.9775E+000	 3.5267E+000	-1.5654E+002
 2.9815E+000	 3.4149E+000	-1.5654E+002
 2.9855E+000	 3.3010E+000	-1.5654E+002
 2.9895E+000	 3.1856E+000	-1.5654E+002
 2.9935E+000	 3.0691E+000	-1.5654E+002
 2.9975E+000	 2.9521E+000	-1.5654E+002
 3.0015E+000	 2.8351E+000	-1.5654E+002
 3.0055E+000	 2.7184E+000	-1.5654E+002
 3.0095E+000	 2.6024E+000	-1.5654E+002
 3.0135E+000	 2.4874E+000	-1.5654E+002
 3.0175E+000	 2.3738E+000	-1.5654E+002
 3.0215E+000	 2.2618E+000	-1.5654E+002
 3.0255E+000	 2.1517E+000	-1.5654E+002
 3.0295E+000	 2.0436E+000	-1.5654E+002
 3.0335E+000	 1.9272E+000	-1.5654E+002
 3.0374E+000	 1.8242E+000	-1.5654E+002
 3.0414E+000	 1.7237E+000	-1.5654E+002
 3.0454E+000	 1.6260E+000	-1.5654E+002
 3.0494E+000	 1.5311E+000	-1.5654E+002
 3.0534E+000	 1.4392E+000	-1.5654E+002
 3.0574E+000	 1.3504E+000	-1.5654E+002
 3.0614E+000	 1.2647E+000	-1.5654E+002
 3.0654E+000	 1.1822E+000	-1.5654E+002
 3.0694E+000	 1.1030E+000	-1.5654E+002
 3.0734E+000	 1.0271E+000	-1.5654E+002
 3.0774E+000	 9.5444E-001	-1.5654E+002
 3.0814E+000	 8.8521E-001	-1.5654E+002
 3.0854E+000	 8.1937E-001	-1.5654E+002
 3.0894E+000	 7.5695E-001	-1.5654E+002
 3.0934E+000	 6.9797E-001	-1.5654E+002
 3.0974E+000	 6.4244E-001	-1.5654E+002
 3.1014E+000	 5.8471E-001	-1.5654E+002
 3.1053E+000	 5.3642E-001	-1.5654E+002
 3.1093E+000	 4.9160E-001	-1.5654E+002
 3.1133E+000	 4.5026E-001	-1.5654E+002
 3.1173E+000	 4.1241E-001	-1.5654E+002
 3.1213E+000	 3.7804E-001	-1.5654E+002
 3.1253E+000	 3.4716E-001	-1.5654E+002
 3.1293E+000	 3.1976E-001	-1.5654E+002
 3.1333E+000	 2.9585E-001	-1.5654E+002
 3.1373E+000	 2.7541E-001	-1.5654E+002
 3.1413E+000	 2.5845E-001	-1.5654E+002
 3.1453E+000	 2.4495E-001	-1.5654E+002
 3.1493E+000	 2.3493E-001	-1.5654E+002
 3.1533E+000	 2.2837E-001	-1.5654E+002
 3.1573E+000	 2.2527E-001	-1.5654E+002
 3.1613E+000	 2.2563E-001	-1.5654E+002
 3.1653E+000	 2.2944E-001	-1.5654E+002
 3.1692E+000	 2.3621E-001	-1.5654E+002
 3.1732E+000	 2.4720E-001	-1.5654E+002
 3.1772E+000	 2.6163E-001	-1.5654E+002
 3.1812E+000	 2.7949E-001	-1.5654E+002
 3.1852E+000	 3.0077E-001	-1.5654E+002
 3.1892E+000	 3.2548E-001	-1.5654E+002
 3.1932E+000	 3.5361E-001	-1.5654E+002
 3.1972E+000	 3.8514E-001	-1.5654E+002
 3.2012E+000	 4.2008E-001	-1.5654E+002
 3.2052E+000	 4.5842E-001	-1.5654E+002
 3.2092E+000	 5.0013E-001	-1.5654E+002
 3.2132E+000	 5.4523E-001	-1.5654E+002
 3.2172E+000	 5.9368E-001	-1.5654E+002
 3.2212E+000	 6.4548E-001	-1.5654E+002
 3.2252E+000	 7.0061E-001	-1.5654E+002
 3.2292E+000	 7.5905E-001	-1.5654E+002
 3.2332E+000	 8.2078E-001	-1.5654E+002
 3.2371E+000	 8.9015E-001	-1.5654E+002
 3.2411E+000	 9.5864E-001	-1.5654E+002
 3.2451E+000	 1.0303E+000	-1.5654E+002
 3.2491E+000	 1.1052E+000	-1.5654E+002
 3.2531E+000	 1.1831E+000	-1.5654E+002
 3.2571E+000	 1.2642E+000	-1.5654E+002
 3.2611E+000	 1.3482E+000	-1.5654E+002
 3.2651E+000	 1.4351E+000	-1.5654E+002
 3.2691E+000	 1.5249E+000	-1.5654E+002
 3.2731E+000	 1.6175E+000	-1.5654E+002
 3.2771E+000	 1.7127E+000	-1.5654E+002
 3.2811E+000	 1.8105E+000	-1.5654E+002
 3.2851E+000	 1.9108E+000	-1.5654E+002
 3.2891E+000	 2.0133E+000	-1.5654E+002
 3.2931E+000	 2.1180E+000	-1.5654E+002
 3.2971E+000	 2.2246E+000	-1.5654E+002
 3.3011E+000	 2.3407E+000	-1.5654E+002
 3.3050E+000	 2.4508E+000	-1.5654E+002
 3.3090E+000	 2.5622E+000	-1.5654E+002
 3.3130E+000	 2.6747E+000	-1.5654E+002
 3.3170E+000	 2.7879E+000	-1.5654E+002
 3.3210E+000	 2.9015E+000	-1.5654E+002
 3.3250E+000	 3.0153E+000	-1.5654E+002
 3.3290E+000	 3.1288E+000	-1.5654E+002
 3.3330E+000	 3.2416E+000	-1.5654E+002
 3.3370E+000	 3.3533E+000	-1.5654E+002
 3.3410E+000	 3.4635E+000	-1.5654E+002
 3.3450E+000	 3.5717E+000	-1.5654E+002
 3.3490E+000	 3.6773E+000	-1.5654E+002
 3.3530E+000	 3.7799E+000	-1.5654E+002
 3.3570E+000	 3.8789E+000	-1.5654E+002
 3.3610E+000	 3.9737E+000	-1.5654E+002
 3.3650E+000	 4.0637E+000	-1.5654E+002
 3.3689E+000	 4.1533E+000	-1.5654E+002
 3.3729E+000	 4.2317E+000	-1.5654E+002
 3.3769E+000	 4.3035E+000	-1.5654E+002
 3.3809E+000	 4.3683E+000	-1.5654E+002
 3.3849E+000	 4.4256E+000	-1.5654E+002
 3.3889E+000	 4.4749E+000	-1.5654E+002
 3.3929E+000	 4.5159E+000	-1.5654E+002
 3.3969E+000	 4.5481E+000	-1.5654E+002
 3.4009E+000	 4.5714E+000	-1.5654E+002
 3.4049E+000	 4.5856E+000	-1.5654E+002
 3.4089E+000	 4.5904E+000	-1.5654E+002
 3.4129E+000	 4.5860E+000	-1.5654E+002
 3.4169E+000	 4.5722E+000	-1.5654E+002
 3.4209E+000	 4.5494E+000	-1.5654E+002
 3.4249E+000	 4.5177E+000	-1.5654E+002
 3.4289E+000	 4.4773E+000	-1.5654E+002
 3.4329E+000	 4.4287E+000	-1.5654E+002
 3.4368E+000	 4.3652E+000	-1.5654E+002
 3.4408E+000	 4.3007E+000	-1.5654E+002
 3.4448E+000	 4.2295E+000	-1.5654E+002
 3.4488E+000	 4.1519E+000	-1.5654E+002
 3.4528E+000	 4.0686E+000	-1.5654E+002
 3.4568E+000	 3.9802E+000	-1.5654E+002
 3.4608E+000	 3.8872E+000	-1.5654E+002
 3.4648E+000	 3.7901E+000	-1.5654E+002
 3.4688E+000	 3.6896E+000	-1.5654E+002
 3.4728E+000	 3.5861E+000	-1.5654E+002
 3.4768E+000	 3.4803E+000	-1.5654E+002
 3.4808E+000	 3.3726E+000	-1.5654E+002
 3.4848E+000	 3.2634E+000	-1.5654E+002
 3.4888E+000	 3.1532E+000	-1.5654E+002
 3.4928E+000	 3.0425E+000	-1.5654E+002
 3.4968E+000	 2.9317E+000	-1.5654E+002
 3.5008E+000	 2.8101E+000	-1.5654E+002
 3.5047E+000	 2.7000E+000	-1.5654E+002
 3.5087E+000	 2.5907E+000	-1.5654E+002
 3.5127E+000	 2.4826E+000	-1.5654E+002
 3.5167E+000	 2.3758E+000	-1.5654E+002
 3.5207E+000	 2.2706E+000	-1.5654E+002
 3.5247E+000	 2.1672E+000	-1.5654E+002
 3.5287E+000	 2.0658E+000	-1.5654E+002
 3.5327E+000	 1.9665E+000	-1.5654E+002
 3.5367E+000	 1.8696E+000	-1.5654E+002
 3.5407E+000	 1.7750E+000	-1.5654E+002
 3.5447E+000	 1.6831E+000	-1.5654E+002
 3.5487E+000	 1.5937E+000	-1.5654E+002
 3.5527E+000	 1.5072E+000	-1.5654E+002
 3.5567E+000	 1.4234E+000	-1.5654E+002
 3.5607E+000	 1.3426E+000	-1.5654E+002
 3.5647E+000	 1.2647E+000	-1.5654E+002
 3.5686E+000	 1.1823E+000	-1.5654E+002
 3.5726E+000	 1.1107E+000	-1.5654E+002
 3.5766E+000	 1.0423E+000	-1.5654E+002
 3.5806E+000	 9.7692E-001	-1.5654E+002
 3.5846E+000	 9.1476E-001	-1.5654E+002
 3.5886E+000	 8.5578E-001	-1.5654E+002
 3.5926E+000	 8.0001E-001	-1.5654E+002
 3.5966E+000	 7.4748E-001	-1.5654E+002
 3.6006E+000	 6.9818E-001	-1.5654E+002
 3.6046E+000	 6.5213E-001	-1.5654E+002
 3.6086E+000	 6.0934E-001	-1.5654E+002
 3.6126E+000	 5.6982E-001	-1.5654E+002
 3.6166E+000	 5.3356E-001	-1.5654E+002
 3.6206E+000	 5.0058E-001	-1.5654E+002
 3.6246E+000	 4.7086E-001	-1.5654E+002
 3.6286E+000	 4.4443E-001	-1.5654E+002
 3.6326E+000	 4.2126E-001	-1.5654E+002
 3.6365E+000	 3.9837E-001	-1.5654E+002
 3.6405E+000	 3.8200E-001	-1.5654E+002
 3.6445E+000	 3.6888E-001	-1.5654E+002
 3.6485E+000	 3.5903E-001	-1.5654E+002
 3.6525E+000	 3.5243E-001	-1.5654E+002
 3.6565E+000	 3.4907E-001	-1.5654E+002
 3.6605E+000	 3.4896E-001	-1.5654E+002
 3.6645E+000	 3.5209E-001	-1.5654E+002
 3.6685E+000	 3.5845E-001	-1.5654E+002
 3.6725E+000	 3.6803E-001	-1.5654E+002
 3.6765E+000	 3.8082E-001	-1.5654E+002
 3.6805E+000	 3.9681E-001	-1.5654E+002
 3.6845E+000	 4.1600E-001	-1.5654E+002
 3.6885E+000	 4.3837E-001	-1.5654E+002
 3.6925E+000	 4.6392E-001	-1.5654E+002
 3.6965E+000	 4.9262E-001	-1.5654E+002
 3.7005E+000	 5.2559E-001	-1.5654E+002
 3.7044E+000	 5.6080E-001	-1.5654E+002
 3.7084E+000	 5.9911E-001	-1.5654E+002
 3.7124E+000	 6.4052E-001	-1.5654E+002
 3.7164E+000	 6.8498E-001	-1.5654E+002
 3.7204E+000	 7.3249E-001	-1.5654E+002
 3.7244E+000	 7.8300E-001	-1.5654E+002
 3.7284E+000	 8.3648E-001	-1.5654E+002
 3.7324E+000	 8.9291E-001	-1.5654E+002
 3.7364E+000	 9.5223E-001	-1.5654E+002
 3.7404E+000	 1.0144E+000	-1.5654E+002
 3.7444E+000	 1.0794E+000	-1.5654E+002
 3.7484E+000	 1.1471E+000	-1.5654E+002
 3.7524E+000	 1.2175E+000	-1.5654E+002
 3.7564E+000	 1.2905E+000	-1.5654E+002
 3.7604E+000	 1.3660E+000	-1.5654E+002
 3.7644E+000	 1.4439E+000	-1.5654E+002
 3.7683E+000	 1.5290E+000	-1.5654E+002
 3.7723E+000	 1.6116E+000	-1.5654E+002
 3.7763E+000	 1.6964E+000	-1.5654E+002
 3.7803E+000	 1.7831E+000	-1.5654E+002
 3.7843E+000	 1.8716E+000	-1.5654E+002
 3.7883E+000	 1.9617E+000	-1.5654E+002
 3.7923E+000	 2.0533E+000	-1.5654E+002
 3.7963E+000	 2.1461E+000	-1.5654E+002
 3.8003E+000	 2.2399E+000	-1.5654E+002
 3.8043E+000	 2.3346E+000	-1.5654E+002
 3.8083E+000	 2.4297E+000	-1.5654E+002
 3.8123E+000	 2.5252E+000	-1.5654E+002
 3.8163E+000	 2.6205E+000	-1.5654E+002
 3.8203E+000	 2.7155E+000	-1.5654E+002
 3.8243E+000	 2.8098E+000	-1.5654E+002
 3.8283E+000	 2.9029E+000	-1.5654E+002
 3.8323E+000	 2.9946E+000	-1.5654E+002
 3.8362E+000	 3.0894E+000	-1.5654E+002
 3.8402E+000	 3.1766E+000	-1.5654E+002
 3.8442E+000	 3.2610E+000	-1.5654E+002
 3.8482E+000	 3.3422E+000	-1.5654E+002
 3.8522E+000	 3.4197E+000	-1.5654E+002
 3.8562E+000	 3.4929E+000	-1.5654E+002
 3.8602E+000	 3.5615E+000	-1.5654E+002
 3.8642E+000	 3.6249E+000	-1.5654E+002
 3.8682E+000	 3.6827E+000	-1.5654E+002
 3.8722E+000	 3.7345E+000	-1.5654E+002
 3.8762E+000	 3.7799E+000	-1.5654E+002
 3.8802E+000	 3.8184E+000	-1.5654E+002
 3.8842E+000	 3.8498E+000	-1.5654E+002
 3.8882E+000	 3.8737E+000	-1.5654E+002
 3.8922E+000	 3.8900E+000	-1.5654E+002
 3.8962E+000	 3.8984E+000	-1.5654E+002
 3.9002E+000	 3.8963E+000	-1.5654E+002
 3.9041E+000	 3.8881E+000	-1.5654E+002
 3.9081E+000	 3.8719E+000	-1.5654E+002
 3.9121E+000	 3.8477E+000	-1.5654E+002
 3.9161E+000	 3.8158E+000	-1.5654E+002
 3.9201E+000	 3.7763E+000	-1.5654E+002
 3.9241E+000	 3.7294E+000	-1.5654E+002
 3.9281E+000	 3.6756E+000	-1.5654E+002
 3.9321E+000	 3.6150E+000	-1.5654E+002
 3.9361E+000	 3.5482E+000	-1.5654E+002
 3.9401E+000	 3.4756E+000	-1.5654E+002
 3.9441E+000	 3.3976E+000	-1.5654E+002
 3.9481E+000	 3.3146E+000	-1.5654E+002
 3.9521E+000	 3.2272E+000	-1.5654E+002
 3.9561E+000	 3.1358E+000	-1.5654E+002
 3.9601E+000	 3.0409E+000	-1.5654E+002
 3.9641E+000	 2.9429E+000	-1.5654E+002
 3.9680E+000	 2.8324E+000	-1.5654E+002
 3.9720E+000	 2.7296E+000	-1.5654E+002
 3.9760E+000	 2.6251E+000	-1.5654E+002
 3.9800E+000	 2.5193E+000	-1.5654E+002
 3.9840E+000	 2.4126E+000	-1.5654E+002
 3.9880E+000	 2.3053E+000	-1.5654E+002
 3.9920E+000	 2.1979E+000	-1.5654E+002
 3.9960E+000	 2.0906E+000	-1.5654E+002
 4.0000E+000	 1.9837E+000	-1.5654E+002
