 2.82507016778214E-03
 4.54163878649699E-03
 6.08245258547845E-03
 7.32129754004469E-03
 8.25823298442414E-03
 8.87210461572185E-03
 9.15249468249266E-03
 9.09919582374714E-03
 8.72543173362849E-03
 8.06217744405983E-03
 7.12832067195498E-03
 5.96561421589287E-03
 4.63528991504980E-03
 3.24523121058326E-03
 2.08087737975610E-03
 1.95914513047299E-03
 3.03782164169669E-03
 4.45650047853185E-03
 5.86232173726758E-03
 7.13033440804597E-03
 8.19032538965693E-03
 9.00112248044246E-03
 9.42607883000007E-03
 9.68079127025501E-03
 9.74335469427052E-03
 9.68079127025502E-03
 9.42607883000009E-03
 9.00112248044248E-03
 8.19032538965696E-03
 7.13033440804601E-03
 5.86232173726763E-03
 4.45650047853189E-03
 3.03782164169673E-03
 1.95914513047299E-03
 2.08087737975605E-03
 3.24523121058320E-03
 4.63528991504972E-03
 5.96561421589282E-03
 7.12832067195494E-03
 8.06217744405979E-03
 8.72543173362846E-03
 9.09919582374712E-03
 9.15249468249265E-03
 8.87210461572184E-03
 8.25823298442413E-03
 7.32129754004467E-03
 6.08245258547844E-03
 4.54163878649698E-03
 2.82507016778214E-03
