 1.00000000000000E-01  1.22903995425114E-06  8.23924319262464E-04
 1.04750000000000E-01  1.49376277204854E-06  8.66354554330876E-04
 1.09500000000000E-01  1.80148369944723E-06  9.09276200370901E-04
 1.14250000000000E-01  2.15734011272264E-06  9.52719516425524E-04
 1.19000000000000E-01  2.56694168089436E-06  9.96715991205160E-04
 1.23750000000000E-01  3.03641311627129E-06  1.04129843745150E-03
 1.28500000000000E-01  3.57244159335573E-06  1.08650109297611E-03
 1.33250000000000E-01  4.18968716442224E-06  1.14753901364754E-03
 1.38000000000000E-01  4.88426841067248E-06  1.19456864849014E-03
 1.42750000000000E-01  5.67017786375337E-06  1.24232549525239E-03
 1.47500000000000E-01  6.55710547616512E-06  1.29085076745457E-03
 1.52250000000000E-01  7.55566140294018E-06  1.34018778350056E-03
 1.57000000000000E-01  8.67747028193765E-06  1.39038212961520E-03
 1.61750000000000E-01  9.93527662556269E-06  1.44148183620333E-03
 1.66500000000000E-01  1.13430627760319E-05  1.49353756896364E-03
 1.71250000000000E-01  1.29161810898353E-05  1.54660283623186E-03
 1.76000000000000E-01  1.46715022652048E-05  1.60073421418552E-03
 1.80750000000000E-01  1.66275820153505E-05  1.65599159171785E-03
 1.85500000000000E-01  1.88048486273777E-05  1.71243843698382E-03
 1.90250000000000E-01  2.12258143409621E-05  1.77014208783801E-03
 1.95000000000000E-01  2.40243105147844E-05  1.84473580348385E-03
 1.99750000000000E-01  2.70295922472711E-05  1.90552558382229E-03
 2.04500000000000E-01  3.03644898510204E-05  1.96780205384169E-03
 2.09250000000000E-01  3.40631054259771E-05  2.03165212734920E-03
 2.14000000000000E-01  3.81632640303927E-05  2.09716858367853E-03
 2.18750000000000E-01  4.27069760847351E-05  2.16445057445281E-03
 2.23500000000000E-01  4.77409653330268E-05  2.23360417947508E-03
 2.28250000000000E-01  5.33172728477195E-05  2.30474301688934E-03
 2.33000000000000E-01  5.94939494377917E-05  2.37798891326033E-03
 2.37750000000000E-01  6.63358510630056E-05  2.45347263974861E-03
 2.42500000000000E-01  7.39155545492097E-05  2.53133472110332E-03
 2.47250000000000E-01  8.23144141383858E-05  2.61172632473284E-03
 2.52000000000000E-01  9.16237833134854E-05  2.69481023762746E-03
 2.56750000000000E-01  1.01946431061418E-04  2.78076193934841E-03
 2.61500000000000E-01  1.14123177542616E-04  2.88788210613996E-03
 2.66250000000000E-01  1.26945385656850E-04  2.98058055305380E-03
 2.71000000000000E-01  1.41192697098399E-04  3.07677880206233E-03
 2.75750000000000E-01  1.57035791268718E-04  3.17671824074744E-03
 2.80500000000000E-01  1.74668762833508E-04  3.28066029895663E-03
 2.85250000000000E-01  1.94312840402183E-04  3.38888828830241E-03
 2.90000000000000E-01  2.16220778558542E-04  3.50170937992601E-03
 2.94750000000000E-01  2.40682059525145E-04  3.61945671218994E-03
 2.99500000000000E-01  2.68029070866635E-04  3.74249160956449E-03
 3.04250000000000E-01  2.98644462806813E-04  3.87120587862940E-03
 3.09000000000000E-01  3.32969934606857E-04  4.00602412474461E-03
 3.13750000000000E-01  3.71516756021726E-04  4.14740600059113E-03
 3.18500000000000E-01  4.14878399481938E-04  4.29584825127277E-03
 3.23250000000000E-01  4.67283952592562E-04  4.47429232301186E-03
 3.28000000000000E-01  5.23036463738930E-04  4.63924762034372E-03
 3.32750000000000E-01  5.86147235815836E-04  4.81303906769233E-03
 3.37500000000000E-01  6.57745428556471E-04  4.99632200186627E-03
 3.42250000000000E-01  7.39161730639226E-04  5.18978384935364E-03
 3.47000000000000E-01  8.31968733436990E-04  5.39413495101028E-03
 3.51750000000000E-01  9.38029824847453E-04  5.61009329563329E-03
 3.56500000000000E-01  1.05955824533479E-03  5.83836039784527E-03
 3.61250000000000E-01  1.19918806968366E-03  6.07958438676324E-03
 3.66000000000000E-01  1.36005882695577E-03  6.33430472933475E-03
 3.70750000000000E-01  1.54591506373841E-03  6.60287072542523E-03
 3.75500000000000E-01  1.76122106874269E-03  6.88532277473854E-03
 3.80250000000000E-01  2.01128865710065E-03  7.18122121242972E-03
 3.85000000000000E-01  2.30241143968593E-03  7.48940209195932E-03
 3.89750000000000E-01  2.66876323059011E-03  7.83873296651308E-03
 3.94500000000000E-01  3.07047194917805E-03  8.16312481482602E-03
 3.99250000000000E-01  3.53994448768792E-03  8.48708046704586E-03
 4.04000000000000E-01  4.08807070389597E-03  8.80121120977707E-03
 4.08750000000000E-01  4.72619209999609E-03  9.09185766152949E-03
 4.13500000000000E-01  5.46500790306976E-03  9.33979756783394E-03
 4.18250000000000E-01  6.31263555160056E-03  9.51895338403735E-03
 4.23000000000000E-01  7.27151699292245E-03  9.59551763514787E-03
 4.27750000000000E-01  8.33400225082987E-03  9.52827141841817E-03
 4.32500000000000E-01  9.47691428920772E-03  9.27126410268907E-03
 4.37250000000000E-01  1.06563646954680E-02  8.78015342658755E-03
 4.42000000000000E-01  1.18054352473002E-02  8.02280304161135E-03
 4.46750000000000E-01  1.28382663946824E-02  6.99263061473673E-03
 4.51500000000000E-01  1.36630435964336E-02  5.72002181854720E-03
 4.56250000000000E-01  1.42026486732312E-02  4.16474298002209E-03
 4.61000000000000E-01  1.43847702533722E-02  2.64789258155918E-03
 4.65750000000000E-01  1.42429292721147E-02  1.17355187208708E-03
 4.70500000000000E-01  1.38234139548327E-02 -1.68957134134767E-04
 4.75250000000000E-01  1.31966238327987E-02 -1.32189313693770E-03
 4.80000000000000E-01  1.24384641715774E-02 -2.26145199161262E-03
 4.84750000000000E-01  1.16163906145487E-02 -2.99114482200304E-03
 4.89500000000000E-01  1.07825585599784E-02 -3.53171240083355E-03
 4.94250000000000E-01  9.97282577996638E-03 -3.91186825192543E-03
 4.99000000000000E-01  9.20906106934884E-03 -4.16175181865249E-03
 5.03750000000000E-01  8.50259201026053E-03 -4.30917695495320E-03
 5.08500000000000E-01  7.85752086527324E-03 -4.37797567914067E-03
 5.13250000000000E-01  7.27338677649464E-03 -4.38763466413371E-03
 5.18000000000000E-01  6.69960925940220E-03 -4.31943599456459E-03
 5.22750000000000E-01  6.23098033408276E-03 -4.25155940226246E-03
 5.27500000000000E-01  5.81037615943633E-03 -4.16176904263804E-03
 5.32250000000000E-01  5.43280324330147E-03 -4.05686295636304E-03
 5.37000000000000E-01  5.09352267973022E-03 -3.94194093190282E-03
 5.41750000000000E-01  4.78817892794624E-03 -3.82080218438372E-03
 5.46500000000000E-01  4.51284848190507E-03 -3.69625778960873E-03
 5.51250000000000E-01  4.26404225816142E-03 -3.57037195145201E-03
 5.56000000000000E-01  4.03868293076394E-03 -3.44464630802114E-03
 5.60750000000000E-01  3.83407016430717E-03 -3.32015979080875E-03
 5.65500000000000E-01  3.64784140174469E-03 -3.19767434294670E-03
 5.70250000000000E-01  3.47793254972488E-03 -3.07771466589419E-03
 5.75000000000000E-01  3.32254087170062E-03 -2.96062832254497E-03
 5.79750000000000E-01  3.18009117980035E-03 -2.84663102927110E-03
 5.84500000000000E-01  3.03703978671933E-03 -2.70138415087711E-03
 5.89250000000000E-01  2.91727473951845E-03 -2.59395754220236E-03
 5.94000000000000E-01  2.80673709054816E-03 -2.48977568537043E-03
 5.98750000000000E-01  2.70450399514794E-03 -2.38879189738709E-03
 6.03500000000000E-01  2.60976239922736E-03 -2.29093329294486E-03
 6.08250000000000E-01  2.52179442113392E-03 -2.19610894202449E-03
 6.13000000000000E-01  2.43996480089526E-03 -2.10421599821709E-03
 6.17750000000000E-01  2.36371012672822E-03 -2.01514428723372E-03
 6.22500000000000E-01  2.29252958334844E-03 -1.92877972565706E-03
 6.27250000000000E-01  2.22597700018505E-03 -1.84500685031822E-03
 6.32000000000000E-01  2.16365400852654E-03 -1.76371067123350E-03
 6.36750000000000E-01  2.10520414425184E-03 -1.68477801013757E-03
 6.41500000000000E-01  2.05030775700567E-03 -1.60809844817862E-03
 6.46250000000000E-01  1.99365283215270E-03 -1.50343314927851E-03
 6.51000000000000E-01  1.94524202479050E-03 -1.43093872588497E-03
 6.55750000000000E-01  1.89959071105767E-03 -1.36038211932106E-03
 6.60500000000000E-01  1.85648925286709E-03 -1.29166872218290E-03
 6.65250000000000E-01  1.81574776488804E-03 -1.22470819629993E-03
 6.70000000000000E-01  1.77719393783690E-03 -1.15941443710034E-03
 6.74750000000000E-01  1.74067113311343E-03 -1.09570548903424E-03
 6.79500000000000E-01  1.70603671156440E-03 -1.03350342643113E-03
 6.84250000000000E-01  1.67316056464926E-03 -9.72734210757754E-04
 6.89000000000000E-01  1.64192382092529E-03 -9.13327532612410E-04
 6.93750000000000E-01  1.61221770469369E-03 -8.55216644760501E-04
 6.98500000000000E-01  1.58394252696721E-03 -7.98338190946460E-04
 7.03250000000000E-01  1.55700679173294E-03 -7.42632034005343E-04
 7.08000000000000E-01  1.53132640286717E-03 -6.88041085860322E-04
 7.12750000000000E-01  1.50426542127472E-03 -6.06175132829334E-04
 7.17500000000000E-01  1.48094464061947E-03 -5.53580221590374E-04
 7.22250000000000E-01  1.45866068482629E-03 -5.01943306484965E-04
 7.27000000000000E-01  1.43735301118703E-03 -4.51218018718898E-04
 7.31750000000000E-01  1.41696561184996E-03 -4.01360258661073E-04
 7.36500000000000E-01  1.39744661447252E-03 -3.52328061212055E-04
 7.41250000000000E-01  1.37874792362009E-03 -3.04081468146141E-04
 7.46000000000000E-01  1.36082489826789E-03 -2.56582407316336E-04
 7.50750000000000E-01  1.34363606134197E-03 -2.09794578536741E-04
 7.55500000000000E-01  1.32714283774493E-03 -1.63683345909547E-04
 7.60250000000000E-01  1.31130931774503E-03 -1.18215636328979E-04
 7.65000000000000E-01  1.29610204298760E-03 -7.33598438743589E-05
 7.69750000000000E-01  1.28148981271630E-03 -2.90857397934490E-05
 7.74500000000000E-01  1.26588022474615E-03  4.24047010304355E-05
 7.79250000000000E-01  1.25240757158855E-03  8.57030301752848E-05
 7.84000000000000E-01  1.23944678494588E-03  1.28504116509510E-04
 7.88750000000000E-01  1.22697417851499E-03  1.70833423904173E-04
 7.93500000000000E-01  1.21496758562083E-03  2.12715418786993E-04
 7.98250000000000E-01  1.20340625022010E-03  2.54173632652049E-04
 8.03000000000000E-01  1.19227072743922E-03  2.95230720974462E-04
 8.07750000000000E-01  1.18154279273492E-03  3.35908518769063E-04
 8.12500000000000E-01  1.17120535886476E-03  3.76228093020862E-04
 8.17250000000000E-01  1.16124239994083E-03  4.16209792203855E-04
 8.22000000000000E-01  1.15163888191912E-03  4.55873293090231E-04
 8.26750000000000E-01  1.14238069894365E-03  4.95237645042100E-04
 8.31500000000000E-01  1.13345461502655E-03  5.34321311965560E-04
 8.36250000000000E-01  1.12484821059824E-03  5.73142212096563E-04
 8.41000000000000E-01  1.11552843396798E-03  6.39699738334974E-04
 8.45750000000000E-01  1.10754571001053E-03  6.78162004067344E-04
 8.50500000000000E-01  1.09984929274591E-03  7.16412961230357E-04
 8.55250000000000E-01  1.09242961118825E-03  7.54468684977681E-04
 8.60000000000000E-01  1.08527770187739E-03  7.92344877861630E-04
 8.64750000000000E-01  1.07838517737439E-03  8.30056899590055E-04
 8.69500000000000E-01  1.07174419745387E-03  8.67619795553271E-04
 8.74250000000000E-01  1.06534744279876E-03  9.05048324223974E-04
 8.79000000000000E-01  1.05918809102094E-03  9.42356983529680E-04
 8.83750000000000E-01  1.05325979485175E-03  9.79560036289087E-04
 8.88500000000000E-01  1.04755666236104E-03  1.01667153480267E-03
 8.93250000000000E-01  1.04207323908097E-03  1.05370534467954E-03
 8.98000000000000E-01  1.03680449192134E-03  1.09067516798234E-03
 9.02750000000000E-01  1.03174579478021E-03  1.12759456576484E-03
 9.07500000000000E-01  1.02619364145419E-03  1.19309636051723E-03
 9.12250000000000E-01  1.02155496543628E-03  1.23007738801624E-03
 9.17000000000000E-01  1.01711463749559E-03  1.26704847687156E-03
 9.21750000000000E-01  1.01286956742182E-03  1.30402283802891E-03
 9.26500000000000E-01  1.00881702275320E-03  1.34101364853775E-03
 9.31250000000000E-01  1.00495462317509E-03  1.37803407190714E-03
 9.36000000000000E-01  1.00128033621744E-03  1.41509727832067E-03
 9.40750000000000E-01  9.97792474229946E-04  1.45221646477113E-03
 9.45500000000000E-01  9.94489692622207E-04  1.48940487517214E-03
 9.50250000000000E-01  9.91370989363536E-04  1.52667582050546E-03
 9.55000000000000E-01  9.88435705744758E-04  1.56404269906131E-03
 9.59750000000000E-01  9.85683528412513E-04  1.60151901682853E-03
 9.64500000000000E-01  9.83114492693955E-04  1.63911840809191E-03
 9.69250000000000E-01  9.80249681167597E-04  1.70628763378376E-03
 9.74000000000000E-01  9.78059395219865E-04  1.74430261529527E-03
 9.78750000000000E-01  9.76054635448173E-04  1.78248304448492E-03
 9.83500000000000E-01  9.74236916412087E-04  1.82084329427971E-03
 9.88250000000000E-01  9.72608139597164E-04  1.85939797536149E-03
 9.93000000000000E-01  9.71170605446773E-04  1.89816195928776E-03
 9.97750000000000E-01  9.69927027060918E-04  1.93715040223967E-03
 1.00250000000000E+00  9.68880545655847E-04  1.97637876946212E-03
 1.00725000000000E+00  9.68034747890027E-04  2.01586286046068E-03
 1.01200000000000E+00  9.67393685176406E-04  2.05561883502263E-03
 1.01675000000000E+00  9.66961895114403E-04  2.09566324013021E-03
 1.02150000000000E+00  9.66744425190826E-04  2.13601303783625E-03
 1.02625000000000E+00  9.66746858917123E-04  2.17668563417437E-03
 1.03100000000000E+00  9.66975344586939E-04  2.21769890917651E-03
 1.03575000000000E+00  9.67172453561704E-04  2.28970529178733E-03
 1.04050000000000E+00  9.67888249659670E-04  2.33159198215326E-03
 1.04525000000000E+00  9.68852840749884E-04  2.37387695979381E-03
 1.05000000000000E+00  9.70075032005958E-04  2.41658036245284E-03
 1.05475000000000E+00  9.71564388192939E-04  2.45972297358902E-03
 1.05950000000000E+00  9.73331283699541E-04  2.50332626076225E-03
 1.06425000000000E+00  9.75386957234191E-04  2.54741241567151E-03
 1.06900000000000E+00  9.77743571612599E-04  2.59200439591842E-03
 1.07375000000000E+00  9.80414279111691E-04  2.63712596856703E-03
 1.07850000000000E+00  9.83413292916179E-04  2.68280175556624E-03
 1.08325000000000E+00  9.86755965242641E-04  2.72905728109277E-03
 1.08800000000000E+00  9.90458872789438E-04  2.77591902086441E-03
 1.09275000000000E+00  9.94539910233495E-04  2.82341445346033E-03
 1.09750000000000E+00  9.99017970971918E-04  2.90354857919610E-03
 1.10225000000000E+00  1.00393995329103E-03  2.95254807336383E-03
 1.10700000000000E+00  1.00930425628876E-03  3.00227171166986E-03
 1.11175000000000E+00  1.01513529959110E-03  3.05275161131603E-03
 1.11650000000000E+00  1.02145945162906E-03  3.10402118277138E-03
 1.12125000000000E+00  1.02830519290890E-03  3.15611519273691E-03
 1.12600000000000E+00  1.03570329536220E-03  3.20906982858294E-03
 1.13075000000000E+00  1.04368701949230E-03  3.26292276397224E-03
 1.13550000000000E+00  1.05229233123416E-03  3.31771322528505E-03
 1.14025000000000E+00  1.06155814066595E-03  3.37348205835183E-03
 1.14500000000000E+00  1.07152656496213E-03  3.43027179486198E-03
 1.14975000000000E+00  1.08224321825710E-03  3.48812671764278E-03
 1.15450000000000E+00  1.09375753140111E-03  3.54709292380719E-03
 1.15925000000000E+00  1.10612310494088E-03  3.60721838451390E-03
 1.16400000000000E+00  1.11992615404305E-03  3.70239171633519E-03
 1.16875000000000E+00  1.13423330383899E-03  3.76516439707711E-03
 1.17350000000000E+00  1.14958622781944E-03  3.82925471927637E-03
 1.17825000000000E+00  1.16605996226794E-03  3.89471872881690E-03
 1.18300000000000E+00  1.18373616624329E-03  3.96161452319132E-03
 1.18775000000000E+00  1.20270377396762E-03  4.03000224072140E-03
 1.19250000000000E+00  1.22305971807502E-03  4.09994402407189E-03
 1.19725000000000E+00  1.24490973171980E-03  4.17150395153846E-03
 1.20200000000000E+00  1.26836923840241E-03  4.24474792818351E-03
 1.20675000000000E+00  1.29356433927955E-03  4.31974352718324E-03
 1.21150000000000E+00  1.32063290868744E-03  4.39655976969521E-03
 1.21625000000000E+00  1.34972580959706E-03  4.47526682905388E-03
 1.22100000000000E+00  1.38100824171738E-03  4.55593564209527E-03
 1.22575000000000E+00  1.41466123591799E-03  4.63863740676692E-03
 1.23050000000000E+00  1.45276389517262E-03  4.75971582534080E-03
 1.23525000000000E+00  1.49194599891107E-03  4.84691382425896E-03
 1.24000000000000E+00  1.53417005360955E-03  4.93635538189408E-03
 1.24475000000000E+00  1.57970043627845E-03  5.02810408446735E-03
 1.24950000000000E+00  1.62882772011184E-03  5.12221834287817E-03
 1.25425000000000E+00  1.68187137695949E-03  5.21874942093673E-03
 1.25900000000000E+00  1.73918272391564E-03  5.31773900993127E-03
 1.26375000000000E+00  1.80114811739240E-03  5.41921625486245E-03
 1.26850000000000E+00  1.86819238946753E-03  5.52319411921662E-03
 1.27325000000000E+00  1.94078250870586E-03  5.62966495355094E-03
 1.27800000000000E+00  2.01943142964317E-03  5.73859510833553E-03
 1.28275000000000E+00  2.10470206985063E-03  5.84991840323763E-03
 1.28750000000000E+00  2.19721131860021E-03  5.96352823366038E-03
 1.29225000000000E+00  2.30329302657453E-03  6.11810925377306E-03
 1.29700000000000E+00  2.41290088567298E-03  6.23592414350903E-03
 1.30175000000000E+00  2.53201026797162E-03  6.35533360734586E-03
 1.30650000000000E+00  2.66149231019554E-03  6.47594680971127E-03
 1.31125000000000E+00  2.80228482276522E-03  6.59726116804965E-03
 1.31600000000000E+00  2.95539018885323E-03  6.71863967325552E-03
 1.32075000000000E+00  3.12186992992229E-03  6.83928458756136E-03
 1.32550000000000E+00  3.30283467502868E-03  6.95820732526727E-03
 1.33025000000000E+00  3.49942793753901E-03  7.07419452391874E-03
 1.33500000000000E+00  3.71280172809289E-03  7.18577064749396E-03
 1.33975000000000E+00  3.94408164087186E-03  7.29115797926929E-03
 1.34450000000000E+00  4.19431868968477E-03  7.38823561930411E-03
 1.34925000000000E+00  4.46442492540091E-03  7.47450016183396E-03
 1.35400000000000E+00  4.75508987072907E-03  7.54703214261312E-03
 1.35875000000000E+00  5.08430127561931E-03  7.63725717018907E-03
 1.36350000000000E+00  5.41784190761832E-03  7.67039476653500E-03
 1.36825000000000E+00  5.77142486416310E-03  7.67815594320379E-03
 1.37300000000000E+00  6.14351733958628E-03  7.65596978789167E-03
 1.37775000000000E+00  6.53162374650241E-03  7.59905722710474E-03
 1.38250000000000E+00  6.93211866492339E-03  7.50262765193870E-03
 1.38725000000000E+00  7.34011385069014E-03  7.36215129579291E-03
 1.39200000000000E+00  7.74939118086864E-03  7.17370646858701E-03
 1.39675000000000E+00  8.15243783232762E-03  6.93438717719154E-03
 1.40150000000000E+00  8.54061838528364E-03  6.64273893260833E-03
 1.40625000000000E+00  8.90450777408350E-03  6.29917149171209E-03
 1.41100000000000E+00  9.23438736812186E-03  5.90628204578351E-03
 1.41575000000000E+00  9.52087543394070E-03  5.46901758390399E-03
 1.42050000000000E+00  9.76198093956421E-03  4.99928607338118E-03
 1.42525000000000E+00  9.93437062273605E-03  4.49596185463086E-03
 1.43000000000000E+00  1.00438897686185E-02  3.97610644868451E-03
 1.43475000000000E+00  1.00889834821065E-02  3.45112098469604E-03
 1.43950000000000E+00  1.00707849745293E-02  2.93228777553496E-03
 1.44425000000000E+00  9.99290021795853E-03  2.43002357136741E-03
 1.44900000000000E+00  9.86096957479046E-03  1.95327661611204E-03
 1.45375000000000E+00  9.68208891927128E-03  1.50913057373840E-03
 1.45850000000000E+00  9.46418427421339E-03  1.10263433921678E-03
 1.46325000000000E+00  9.21542393013430E-03  7.36836866869377E-04
 1.46800000000000E+00  8.94372766421397E-03  4.12979338047439E-04
 1.47275000000000E+00  8.65640349605499E-03  1.30786088486945E-04
 1.47750000000000E+00  8.35991632664588E-03 -1.11201610363544E-04
 1.48225000000000E+00  8.05977426733367E-03 -3.15293604598493E-04
 1.48700000000000E+00  7.73733895567997E-03 -4.52162813022595E-04
 1.49175000000000E+00  7.44306765696878E-03 -5.87270096161279E-04
 1.49650000000000E+00  7.15617515475819E-03 -6.93978545260355E-04
 1.50125000000000E+00  6.87864362261071E-03 -7.75499255191141E-04
 1.50600000000000E+00  6.61184441115998E-03 -8.34893120528540E-04
 1.51075000000000E+00  6.35664922455512E-03 -8.75009031833775E-04
 1.51550000000000E+00  6.11353125524267E-03 -8.98450306890365E-04
 1.52025000000000E+00  5.88265349810323E-03 -9.07561856743218E-04
 1.52500000000000E+00  5.66394349359055E-03 -9.04431811243684E-04
 1.52975000000000E+00  5.45715501523063E-03 -8.90902635727832E-04
 1.53450000000000E+00  5.26191791831908E-03 -8.68587979233814E-04
 1.53925000000000E+00  5.07777768033335E-03 -8.38892522872970E-04
 1.54400000000000E+00  4.90422622942273E-03 -8.03032922861593E-04
 1.54875000000000E+00  4.72861816046005E-03 -7.16011193553380E-04
 1.55350000000000E+00  4.57524149816861E-03 -6.70480227385147E-04
 1.55825000000000E+00  4.43078094979084E-03 -6.21553628749926E-04
 1.56300000000000E+00  4.29469886723010E-03 -5.69885371483600E-04
 1.56775000000000E+00  4.16647504589931E-03 -5.16032829840979E-04
 1.57250000000000E+00  4.04561103369453E-03 -4.60469943348211E-04
 1.57725000000000E+00  3.93163280083761E-03 -4.03598783573083E-04
 1.58200000000000E+00  3.82409218174489E-03 -3.45759651520554E-04
 1.58675000000000E+00  3.72256741064437E-03 -2.87239848236958E-04
 1.59150000000000E+00  3.62666300049126E-03 -2.28281263301420E-04
 1.59625000000000E+00  3.53600915713590E-03 -1.69086920681025E-04
 1.60100000000000E+00  3.45026087512539E-03 -1.09826612025532E-04
 1.60575000000000E+00  3.36909682577210E-03 -5.06417359714637E-05
 1.61050000000000E+00  3.29221812028937E-03  8.35055021579789E-06
 1.61525000000000E+00  3.21364756125944E-03  1.15386736697785E-04
 1.62000000000000E+00  3.14476733721716E-03  1.73807587307534E-04
 1.62475000000000E+00  3.07938283407481E-03  2.31793294878986E-04
 1.62950000000000E+00  3.01727288431472E-03  2.89293553131265E-04
 1.63425000000000E+00  2.95823226927251E-03  3.46268836200149E-04
 1.63900000000000E+00  2.90207056045044E-03  4.02688779698179E-04
 1.64375000000000E+00  2.84861102615035E-03  4.58530795806032E-04
 1.64850000000000E+00  2.79768960580780E-03  5.13778888559582E-04
 1.65325000000000E+00  2.74915395229737E-03  5.68422640378389E-04
 1.65800000000000E+00  2.70286254101309E-03  6.22456345080042E-04
 1.66275000000000E+00  2.65868384350858E-03  6.75878266227752E-04
 1.66750000000000E+00  2.61649556280729E-03  7.28690002745464E-04
 1.67225000000000E+00  2.57618392710001E-03  7.80895946367850E-04
 1.67700000000000E+00  2.53764303831952E-03  8.32502817746079E-04
 1.68175000000000E+00  2.49765248447736E-03  9.32938938928549E-04
 1.68650000000000E+00  2.46246538029749E-03  9.83455258453554E-04
 1.69125000000000E+00  2.42876766841783E-03  1.03340367019012E-03
 1.69600000000000E+00  2.39647973306073E-03  1.08279683907525E-03
 1.70075000000000E+00  2.36552725106543E-03  1.13164826632050E-03
 1.70550000000000E+00  2.33584079902110E-03  1.17997211225517E-03
 1.71025000000000E+00  2.30735549221540E-03  1.22778304585572E-03
 1.71500000000000E+00  2.28001065279513E-03  1.27509611721254E-03
 1.71975000000000E+00  2.25374950473805E-03  1.32192664971025E-03
 1.72450000000000E+00  2.22851889341402E-03  1.36829014915891E-03
 1.72925000000000E+00  2.20426902768478E-03  1.41420222750305E-03
 1.73400000000000E+00  2.18095324266788E-03  1.45967853906608E-03
 1.73875000000000E+00  2.15852778142849E-03  1.50473472757864E-03
 1.74350000000000E+00  2.13496365373843E-03  1.60008405581569E-03
 1.74825000000000E+00  2.11424983849048E-03  1.64444179178254E-03
 1.75300000000000E+00  2.09430844733445E-03  1.68842672340040E-03
 1.75775000000000E+00  2.07510562179806E-03  1.73205408018053E-03
 1.76250000000000E+00  2.05660954514500E-03  1.77533893088889E-03
 1.76725000000000E+00  2.03879030939872E-03  1.81829617021630E-03
 1.77200000000000E+00  2.02161979265964E-03  1.86094050914980E-03
 1.77675000000000E+00  2.00507154588154E-03  1.90328646851385E-03
 1.78150000000000E+00  1.98912068834464E-03  1.94534837523232E-03
 1.78625000000000E+00  1.97374381113168E-03  1.98714036091677E-03
 1.79100000000000E+00  1.95891888797396E-03  2.02867636244423E-03
 1.79575000000000E+00  1.94462519288955E-03  2.06997012423495E-03
 1.80050000000000E+00  1.93084322408750E-03  2.11103520197989E-03
 1.80525000000000E+00  1.91755463365693E-03  2.15188496760467E-03
 1.81000000000000E+00  1.90341104311422E-03  2.24493844047964E-03
 1.81475000000000E+00  1.89108737792983E-03  2.28550609506436E-03
 1.81950000000000E+00  1.87920744791490E-03  2.32589817706995E-03
 1.82425000000000E+00  1.86775697048431E-03  2.36612738256134E-03
 1.82900000000000E+00  1.85672253565902E-03  2.40620626205132E-03
 1.83375000000000E+00  1.84609156271128E-03  2.44614722984368E-03
 1.83850000000000E+00  1.83585226022414E-03  2.48596257376590E-03
 1.84325000000000E+00  1.82599358933859E-03  2.52566446523124E-03
 1.84800000000000E+00  1.81650522998159E-03  2.56526496958300E-03
 1.85275000000000E+00  1.80737754988939E-03  2.60477605668040E-03
 1.85750000000000E+00  1.79860157625722E-03  2.64420961169364E-03
 1.86225000000000E+00  1.79016896986067E-03  2.68357744608197E-03
 1.86700000000000E+00  1.78207200151558E-03  2.72289130873377E-03
 1.87175000000000E+00  1.77335675542719E-03  2.81645332332777E-03
 1.87650000000000E+00  1.76592992385040E-03  2.85581417604172E-03
 1.88125000000000E+00  1.75881865179491E-03  2.89515660671656E-03
 1.88600000000000E+00  1.75201748788928E-03  2.93449222676324E-03
 1.89075000000000E+00  1.74552150363764E-03  2.97383264337617E-03
 1.89550000000000E+00  1.73932628182612E-03  3.01318947145695E-03
 1.90025000000000E+00  1.73342790664537E-03  3.05257434566501E-03
 1.90500000000000E+00  1.72782295548482E-03  3.09199893259550E-03
 1.90975000000000E+00  1.72250849236027E-03  3.13147494309374E-03
 1.91450000000000E+00  1.71748206294709E-03  3.17101414471389E-03
 1.91925000000000E+00  1.71274169119946E-03  3.21062837432671E-03
 1.92400000000000E+00  1.70828587754291E-03  3.25032955089099E-03
 1.92875000000000E+00  1.70411359863910E-03  3.29012968839435E-03
 1.93350000000000E+00  1.70022430872645E-03  3.33004090897547E-03
 1.93825000000000E+00  1.69597291859052E-03  3.42662032597401E-03
 1.94300000000000E+00  1.69266664531601E-03  3.46692099331351E-03
 1.94775000000000E+00  1.68964468643424E-03  3.50737048559990E-03
 1.95250000000000E+00  1.68690848147836E-03  3.54798150128254E-03
 1.95725000000000E+00  1.68445997941482E-03  3.58876691644294E-03
 1.96200000000000E+00  1.68230165013631E-03  3.62973979924402E-03
 1.96675000000000E+00  1.68043649781905E-03  3.67091342462448E-03
 1.97150000000000E+00  1.67886807621717E-03  3.71230128925355E-03
 1.97625000000000E+00  1.67760050598955E-03  3.75391712674421E-03
 1.98100000000000E+00  1.67663849415722E-03  3.79577492312860E-03
 1.98575000000000E+00  1.67598735580840E-03  3.83788893259458E-03
 1.99050000000000E+00  1.67565303817571E-03  3.88027369348048E-03
 1.99525000000000E+00  1.67564214723156E-03  3.92294404451646E-03
 2.00000000000000E+00  1.67558141668110E-03  4.02482836055840E-03
