 1.0000E-002	-1.5654E+002	-1.5654E+002
 1.3994E-002	-1.5654E+002	-1.5654E+002
 1.7988E-002	-1.5654E+002	-1.5654E+002
 2.1982E-002	-1.5654E+002	-1.5654E+002
 2.5976E-002	-1.5654E+002	-1.5654E+002
 2.9970E-002	-1.5654E+002	-1.5654E+002
 3.3964E-002	-9.3736E+001	-1.5654E+002
 3.7958E-002	-9.0831E+001	-1.5654E+002
 4.1952E-002	-8.8215E+001	-1.5654E+002
 4.5946E-002	-8.5836E+001	-1.5654E+002
 4.9940E-002	-8.3653E+001	-1.5654E+002
 5.3934E-002	-8.1637E+001	-1.5654E+002
 5.7928E-002	-7.9763E+001	-1.5654E+002
 6.1922E-002	-7.8012E+001	-1.5654E+002
 6.5916E-002	-7.6369E+001	-1.5654E+002
 6.9910E-002	-7.4821E+001	-1.5654E+002
 7.3904E-002	-7.3358E+001	-1.5654E+002
 7.7898E-002	-7.1969E+001	-1.5654E+002
 8.1892E-002	-7.0648E+001	-1.5654E+002
 8.5886E-002	-6.9389E+001	-1.5654E+002
 8.9880E-002	-6.8185E+001	-1.5654E+002
 9.3874E-002	-6.7031E+001	-1.5654E+002
 9.7868E-002	-6.5923E+001	-1.5654E+002
 1.0186E-001	-6.3425E+001	-1.5654E+002
 1.0586E-001	-6.2397E+001	-1.5654E+002
 1.0985E-001	-6.1406E+001	-1.5654E+002
 1.1384E-001	-6.0447E+001	-1.5654E+002
 1.1784E-001	-5.9520E+001	-1.5654E+002
 1.2183E-001	-5.8621E+001	-1.5654E+002
 1.2583E-001	-5.7750E+001	-1.5654E+002
 1.2982E-001	-5.6903E+001	-1.5654E+002
 1.3381E-001	-5.6080E+001	-1.5654E+002
 1.3781E-001	-5.5279E+001	-1.5654E+002
 1.4180E-001	-5.4498E+001	-1.5654E+002
 1.4580E-001	-5.3737E+001	-1.5654E+002
 1.4979E-001	-5.2994E+001	-1.5654E+002
 1.5378E-001	-5.2268E+001	-1.5654E+002
 1.5778E-001	-5.1559E+001	-1.5654E+002
 1.6177E-001	-5.0865E+001	-1.5654E+002
 1.6577E-001	-5.0185E+001	-1.5654E+002
 1.6976E-001	-4.9037E+001	-1.5654E+002
 1.7375E-001	-4.8382E+001	-1.5654E+002
 1.7775E-001	-4.7740E+001	-1.5654E+002
 1.8174E-001	-4.7110E+001	-1.5654E+002
 1.8574E-001	-4.6490E+001	-1.5654E+002
 1.8973E-001	-4.5881E+001	-1.5654E+002
 1.9372E-001	-4.5282E+001	-1.5654E+002
 1.9772E-001	-4.4692E+001	-1.5654E+002
 2.0171E-001	-4.4111E+001	-1.5654E+002
 2.0571E-001	-4.3538E+001	-1.5654E+002
 2.0970E-001	-4.2973E+001	-1.5654E+002
 2.1369E-001	-4.2415E+001	-1.5654E+002
 2.1769E-001	-4.1865E+001	-1.5654E+002
 2.2168E-001	-4.1321E+001	-1.5654E+002
 2.2568E-001	-4.0784E+001	-1.5654E+002
 2.2967E-001	-4.0253E+001	-1.5654E+002
 2.3366E-001	-3.9490E+001	-1.5654E+002
 2.3766E-001	-3.8968E+001	-1.5654E+002
 2.4165E-001	-3.8451E+001	-1.5654E+002
 2.4565E-001	-3.7939E+001	-1.5654E+002
 2.4964E-001	-3.7431E+001	-1.5654E+002
 2.5363E-001	-3.6927E+001	-1.5654E+002
 2.5763E-001	-3.6426E+001	-1.5654E+002
 2.6162E-001	-3.5929E+001	-1.5654E+002
 2.6562E-001	-3.5435E+001	-1.5654E+002
 2.6961E-001	-3.4944E+001	-1.5654E+002
 2.7360E-001	-3.4455E+001	-1.5654E+002
 2.7760E-001	-3.3968E+001	-1.5654E+002
 2.8159E-001	-3.3483E+001	-1.5654E+002
 2.8559E-001	-3.3000E+001	-1.5654E+002
 2.8958E-001	-3.2519E+001	-1.5654E+002
 2.9357E-001	-3.2038E+001	-1.5654E+002
 2.9757E-001	-3.1558E+001	-1.5654E+002
 3.0156E-001	-3.0927E+001	-1.5654E+002
 3.0556E-001	-3.0446E+001	-1.5654E+002
 3.0955E-001	-2.9965E+001	-1.5654E+002
 3.1354E-001	-2.9483E+001	-1.5654E+002
 3.1754E-001	-2.9001E+001	-1.5654E+002
 3.2153E-001	-2.8517E+001	-1.5654E+002
 3.2553E-001	-2.8032E+001	-1.5654E+002
 3.2952E-001	-2.7545E+001	-1.5654E+002
 3.3351E-001	-2.7056E+001	-1.5654E+002
 3.3751E-001	-2.6565E+001	-1.5654E+002
 3.4150E-001	-2.6070E+001	-1.5654E+002
 3.4550E-001	-2.5573E+001	-1.5654E+002
 3.4949E-001	-2.5071E+001	-1.5654E+002
 3.5348E-001	-2.4566E+001	-1.5654E+002
 3.5748E-001	-2.4057E+001	-1.5654E+002
 3.6147E-001	-2.3542E+001	-1.5654E+002
 3.6547E-001	-2.3023E+001	-1.5654E+002
 3.6946E-001	-2.2371E+001	-1.5654E+002
 3.7345E-001	-2.1836E+001	-1.5654E+002
 3.7745E-001	-2.1296E+001	-1.5654E+002
 3.8144E-001	-2.0748E+001	-1.5654E+002
 3.8544E-001	-2.0193E+001	-1.5654E+002
 3.8943E-001	-1.9631E+001	-1.5654E+002
 3.9342E-001	-1.9061E+001	-1.5654E+002
 3.9742E-001	-1.8483E+001	-1.5654E+002
 4.0141E-001	-1.7897E+001	-1.5654E+002
 4.0541E-001	-1.7305E+001	-1.5654E+002
 4.0940E-001	-1.6706E+001	-1.5654E+002
 4.1339E-001	-1.6102E+001	-1.5654E+002
 4.1739E-001	-1.5494E+001	-1.5654E+002
 4.2138E-001	-1.4886E+001	-1.5654E+002
 4.2538E-001	-1.4280E+001	-1.5654E+002
 4.2937E-001	-1.3681E+001	-1.5654E+002
 4.3336E-001	-1.2986E+001	-1.5654E+002
 4.3736E-001	-1.2425E+001	-1.5654E+002
 4.4135E-001	-1.1896E+001	-1.5654E+002
 4.4535E-001	-1.1409E+001	-1.5654E+002
 4.4934E-001	-1.0976E+001	-1.5654E+002
 4.5333E-001	-1.0608E+001	-1.5654E+002
 4.5733E-001	-1.0314E+001	-1.5654E+002
 4.6132E-001	-1.0100E+001	-1.5654E+002
 4.6532E-001	-9.9679E+000	-1.5654E+002
 4.6931E-001	-9.9165E+000	-1.5654E+002
 4.7330E-001	-9.9390E+000	-1.5654E+002
 4.7730E-001	-1.0026E+001	-1.5654E+002
 4.8129E-001	-1.0167E+001	-1.5654E+002
 4.8529E-001	-1.0350E+001	-1.5654E+002
 4.8928E-001	-1.0565E+001	-1.5654E+002
 4.9327E-001	-1.0802E+001	-1.5654E+002
 4.9727E-001	-1.1052E+001	-1.5654E+002
 5.0126E-001	-1.1353E+001	-1.5654E+002
 5.0526E-001	-1.1613E+001	-1.5654E+002
 5.0925E-001	-1.1872E+001	-1.5654E+002
 5.1324E-001	-1.2126E+001	-1.5654E+002
 5.1724E-001	-1.2373E+001	-1.5654E+002
 5.2123E-001	-1.2612E+001	-1.5654E+002
 5.2523E-001	-1.2842E+001	-1.5654E+002
 5.2922E-001	-1.3064E+001	-1.5654E+002
 5.3321E-001	-1.3275E+001	-1.5654E+002
 5.3721E-001	-1.3477E+001	-1.5654E+002
 5.4120E-001	-1.3669E+001	-1.5654E+002
 5.4520E-001	-1.3851E+001	-1.5654E+002
 5.4919E-001	-1.4024E+001	-1.5654E+002
 5.5318E-001	-1.4188E+001	-1.5654E+002
 5.5718E-001	-1.4343E+001	-1.5654E+002
 5.6117E-001	-1.4489E+001	-1.5654E+002
 5.6517E-001	-1.4627E+001	-1.5654E+002
 5.6916E-001	-1.4770E+001	-1.5654E+002
 5.7315E-001	-1.4891E+001	-1.5654E+002
 5.7715E-001	-1.5005E+001	-1.5654E+002
 5.8114E-001	-1.5111E+001	-1.5654E+002
 5.8514E-001	-1.5211E+001	-1.5654E+002
 5.8913E-001	-1.5303E+001	-1.5654E+002
 5.9312E-001	-1.5389E+001	-1.5654E+002
 5.9712E-001	-1.5469E+001	-1.5654E+002
 6.0111E-001	-1.5542E+001	-1.5654E+002
 6.0511E-001	-1.5610E+001	-1.5654E+002
 6.0910E-001	-1.5672E+001	-1.5654E+002
 6.1309E-001	-1.5728E+001	-1.5654E+002
 6.1709E-001	-1.5779E+001	-1.5654E+002
 6.2108E-001	-1.5824E+001	-1.5654E+002
 6.2508E-001	-1.5864E+001	-1.5654E+002
 6.2907E-001	-1.5899E+001	-1.5654E+002
 6.3306E-001	-1.5929E+001	-1.5654E+002
 6.3706E-001	-1.5948E+001	-1.5654E+002
 6.4105E-001	-1.5967E+001	-1.5654E+002
 6.4505E-001	-1.5981E+001	-1.5654E+002
 6.4904E-001	-1.5991E+001	-1.5654E+002
 6.5303E-001	-1.5995E+001	-1.5654E+002
 6.5703E-001	-1.5996E+001	-1.5654E+002
 6.6102E-001	-1.5991E+001	-1.5654E+002
 6.6502E-001	-1.5982E+001	-1.5654E+002
 6.6901E-001	-1.5968E+001	-1.5654E+002
 6.7300E-001	-1.5950E+001	-1.5654E+002
 6.7700E-001	-1.5928E+001	-1.5654E+002
 6.8099E-001	-1.5901E+001	-1.5654E+002
 6.8498E-001	-1.5869E+001	-1.5654E+002
 6.8898E-001	-1.5833E+001	-1.5654E+002
 6.9297E-001	-1.5793E+001	-1.5654E+002
 6.9697E-001	-1.5748E+001	-1.5654E+002
 7.0096E-001	-1.5680E+001	-1.5654E+002
 7.0495E-001	-1.5626E+001	-1.5654E+002
 7.0895E-001	-1.5566E+001	-1.5654E+002
 7.1294E-001	-1.5502E+001	-1.5654E+002
 7.1694E-001	-1.5434E+001	-1.5654E+002
 7.2093E-001	-1.5361E+001	-1.5654E+002
 7.2492E-001	-1.5283E+001	-1.5654E+002
 7.2892E-001	-1.5200E+001	-1.5654E+002
 7.3291E-001	-1.5113E+001	-1.5654E+002
 7.3691E-001	-1.5021E+001	-1.5654E+002
 7.4090E-001	-1.4925E+001	-1.5654E+002
 7.4489E-001	-1.4823E+001	-1.5654E+002
 7.4889E-001	-1.4717E+001	-1.5654E+002
 7.5288E-001	-1.4605E+001	-1.5654E+002
 7.5688E-001	-1.4489E+001	-1.5654E+002
 7.6087E-001	-1.4367E+001	-1.5654E+002
 7.6486E-001	-1.4241E+001	-1.5654E+002
 7.6886E-001	-1.4078E+001	-1.5654E+002
 7.7285E-001	-1.3940E+001	-1.5654E+002
 7.7685E-001	-1.3796E+001	-1.5654E+002
 7.8084E-001	-1.3647E+001	-1.5654E+002
 7.8483E-001	-1.3492E+001	-1.5654E+002
 7.8883E-001	-1.3332E+001	-1.5654E+002
 7.9282E-001	-1.3165E+001	-1.5654E+002
 7.9682E-001	-1.2993E+001	-1.5654E+002
 8.0081E-001	-1.2816E+001	-1.5654E+002
 8.0480E-001	-1.2632E+001	-1.5654E+002
 8.0880E-001	-1.2442E+001	-1.5654E+002
 8.1279E-001	-1.2246E+001	-1.5654E+002
 8.1679E-001	-1.2043E+001	-1.5654E+002
 8.2078E-001	-1.1834E+001	-1.5654E+002
 8.2477E-001	-1.1619E+001	-1.5654E+002
 8.2877E-001	-1.1398E+001	-1.5654E+002
 8.3276E-001	-1.1169E+001	-1.5654E+002
 8.3676E-001	-1.0890E+001	-1.5654E+002
 8.4075E-001	-1.0647E+001	-1.5654E+002
 8.4474E-001	-1.0397E+001	-1.5654E+002
 8.4874E-001	-1.0141E+001	-1.5654E+002
 8.5273E-001	-9.8777E+000	-1.5654E+002
 8.5673E-001	-9.6081E+000	-1.5654E+002
 8.6072E-001	-9.3320E+000	-1.5654E+002
 8.6471E-001	-9.0496E+000	-1.5654E+002
 8.6871E-001	-8.7612E+000	-1.5654E+002
 8.7270E-001	-8.4670E+000	-1.5654E+002
 8.7670E-001	-8.1677E+000	-1.5654E+002
 8.8069E-001	-7.8636E+000	-1.5654E+002
 8.8468E-001	-7.5557E+000	-1.5654E+002
 8.8868E-001	-7.2447E+000	-1.5654E+002
 8.9267E-001	-6.9318E+000	-1.5654E+002
 8.9667E-001	-6.6183E+000	-1.5654E+002
 9.0066E-001	-6.2557E+000	-1.5654E+002
 9.0465E-001	-5.9468E+000	-1.5654E+002
 9.0865E-001	-5.6437E+000	-1.5654E+002
 9.1264E-001	-5.3488E+000	-1.5654E+002
 9.1664E-001	-5.0653E+000	-1.5654E+002
 9.2063E-001	-4.7963E+000	-1.5654E+002
 9.2462E-001	-4.5454E+000	-1.5654E+002
 9.2862E-001	-4.3162E+000	-1.5654E+002
 9.3261E-001	-4.1122E+000	-1.5654E+002
 9.3661E-001	-3.9369E+000	-1.5654E+002
 9.4060E-001	-3.7931E+000	-1.5654E+002
 9.4459E-001	-3.6834E+000	-1.5654E+002
 9.4859E-001	-3.6091E+000	-1.5654E+002
 9.5258E-001	-3.5710E+000	-1.5654E+002
 9.5658E-001	-3.5688E+000	-1.5654E+002
 9.6057E-001	-3.6012E+000	-1.5654E+002
 9.6456E-001	-3.6661E+000	-1.5654E+002
 9.6856E-001	-3.7773E+000	-1.5654E+002
 9.7255E-001	-3.9021E+000	-1.5654E+002
 9.7655E-001	-4.0494E+000	-1.5654E+002
 9.8054E-001	-4.2157E+000	-1.5654E+002
 9.8453E-001	-4.3974E+000	-1.5654E+002
 9.8853E-001	-4.5913E+000	-1.5654E+002
 9.9252E-001	-4.7943E+000	-1.5654E+002
 9.9652E-001	-5.0039E+000	-1.5654E+002
 1.0005E+000	-5.2176E+000	-1.5654E+002
 1.0045E+000	-5.4335E+000	-1.5654E+002
 1.0085E+000	-5.6499E+000	-1.5654E+002
 1.0125E+000	-5.8654E+000	-1.5654E+002
 1.0165E+000	-6.0788E+000	-1.5654E+002
 1.0205E+000	-6.2891E+000	-1.5654E+002
 1.0245E+000	-6.4957E+000	-1.5654E+002
 1.0285E+000	-6.6979E+000	-1.5654E+002
 1.0325E+000	-6.8953E+000	-1.5654E+002
 1.0365E+000	-7.1132E+000	-1.5654E+002
 1.0405E+000	-7.2993E+000	-1.5654E+002
 1.0444E+000	-7.4799E+000	-1.5654E+002
 1.0484E+000	-7.6547E+000	-1.5654E+002
 1.0524E+000	-7.8236E+000	-1.5654E+002
 1.0564E+000	-7.9868E+000	-1.5654E+002
 1.0604E+000	-8.1442E+000	-1.5654E+002
 1.0644E+000	-8.2958E+000	-1.5654E+002
 1.0684E+000	-8.4417E+000	-1.5654E+002
 1.0724E+000	-8.5819E+000	-1.5654E+002
 1.0764E+000	-8.7166E+000	-1.5654E+002
 1.0804E+000	-8.8458E+000	-1.5654E+002
 1.0844E+000	-8.9696E+000	-1.5654E+002
 1.0884E+000	-9.0881E+000	-1.5654E+002
 1.0924E+000	-9.2014E+000	-1.5654E+002
 1.0964E+000	-9.3096E+000	-1.5654E+002
 1.1004E+000	-9.4252E+000	-1.5654E+002
 1.1044E+000	-9.5229E+000	-1.5654E+002
 1.1083E+000	-9.6158E+000	-1.5654E+002
 1.1123E+000	-9.7040E+000	-1.5654E+002
 1.1163E+000	-9.7876E+000	-1.5654E+002
 1.1203E+000	-9.8666E+000	-1.5654E+002
 1.1243E+000	-9.9412E+000	-1.5654E+002
 1.1283E+000	-1.0011E+001	-1.5654E+002
 1.1323E+000	-1.0077E+001	-1.5654E+002
 1.1363E+000	-1.0139E+001	-1.5654E+002
 1.1403E+000	-1.0196E+001	-1.5654E+002
 1.1443E+000	-1.0249E+001	-1.5654E+002
 1.1483E+000	-1.0299E+001	-1.5654E+002
 1.1523E+000	-1.0344E+001	-1.5654E+002
 1.1563E+000	-1.0385E+001	-1.5654E+002
 1.1603E+000	-1.0422E+001	-1.5654E+002
 1.1643E+000	-1.0456E+001	-1.5654E+002
 1.1683E+000	-1.0487E+001	-1.5654E+002
 1.1723E+000	-1.0513E+001	-1.5654E+002
 1.1762E+000	-1.0534E+001	-1.5654E+002
 1.1802E+000	-1.0551E+001	-1.5654E+002
 1.1842E+000	-1.0565E+001	-1.5654E+002
 1.1882E+000	-1.0575E+001	-1.5654E+002
 1.1922E+000	-1.0582E+001	-1.5654E+002
 1.1962E+000	-1.0584E+001	-1.5654E+002
 1.2002E+000	-1.0583E+001	-1.5654E+002
 1.2042E+000	-1.0578E+001	-1.5654E+002
 1.2082E+000	-1.0569E+001	-1.5654E+002
 1.2122E+000	-1.0557E+001	-1.5654E+002
 1.2162E+000	-1.0541E+001	-1.5654E+002
 1.2202E+000	-1.0521E+001	-1.5654E+002
 1.2242E+000	-1.0497E+001	-1.5654E+002
 1.2282E+000	-1.0470E+001	-1.5654E+002
 1.2322E+000	-1.0438E+001	-1.5654E+002
 1.2362E+000	-1.0397E+001	-1.5654E+002
 1.2402E+000	-1.0357E+001	-1.5654E+002
 1.2441E+000	-1.0313E+001	-1.5654E+002
 1.2481E+000	-1.0266E+001	-1.5654E+002
 1.2521E+000	-1.0214E+001	-1.5654E+002
 1.2561E+000	-1.0159E+001	-1.5654E+002
 1.2601E+000	-1.0099E+001	-1.5654E+002
 1.2641E+000	-1.0035E+001	-1.5654E+002
 1.2681E+000	-9.9675E+000	-1.5654E+002
 1.2721E+000	-9.8954E+000	-1.5654E+002
 1.2761E+000	-9.8191E+000	-1.5654E+002
 1.2801E+000	-9.7384E+000	-1.5654E+002
 1.2841E+000	-9.6534E+000	-1.5654E+002
 1.2881E+000	-9.5640E+000	-1.5654E+002
 1.2921E+000	-9.4702E+000	-1.5654E+002
 1.2961E+000	-9.3720E+000	-1.5654E+002
 1.3001E+000	-9.2543E+000	-1.5654E+002
 1.3041E+000	-9.1464E+000	-1.5654E+002
 1.3080E+000	-9.0339E+000	-1.5654E+002
 1.3120E+000	-8.9168E+000	-1.5654E+002
 1.3160E+000	-8.7951E+000	-1.5654E+002
 1.3200E+000	-8.6689E+000	-1.5654E+002
 1.3240E+000	-8.5382E+000	-1.5654E+002
 1.3280E+000	-8.4030E+000	-1.5654E+002
 1.3320E+000	-8.2633E+000	-1.5654E+002
 1.3360E+000	-8.1194E+000	-1.5654E+002
 1.3400E+000	-7.9712E+000	-1.5654E+002
 1.3440E+000	-7.8190E+000	-1.5654E+002
 1.3480E+000	-7.6631E+000	-1.5654E+002
 1.3520E+000	-7.5036E+000	-1.5654E+002
 1.3560E+000	-7.3409E+000	-1.5654E+002
 1.3600E+000	-7.1754E+000	-1.5654E+002
 1.3640E+000	-7.0076E+000	-1.5654E+002
 1.3680E+000	-6.8161E+000	-1.5654E+002
 1.3720E+000	-6.6453E+000	-1.5654E+002
 1.3759E+000	-6.4744E+000	-1.5654E+002
 1.3799E+000	-6.3042E+000	-1.5654E+002
 1.3839E+000	-6.1358E+000	-1.5654E+002
 1.3879E+000	-5.9705E+000	-1.5654E+002
 1.3919E+000	-5.8096E+000	-1.5654E+002
 1.3959E+000	-5.6545E+000	-1.5654E+002
 1.3999E+000	-5.5070E+000	-1.5654E+002
 1.4039E+000	-5.3688E+000	-1.5654E+002
 1.4079E+000	-5.2418E+000	-1.5654E+002
 1.4119E+000	-5.1279E+000	-1.5654E+002
 1.4159E+000	-5.0290E+000	-1.5654E+002
 1.4199E+000	-4.9471E+000	-1.5654E+002
 1.4239E+000	-4.8838E+000	-1.5654E+002
 1.4279E+000	-4.8408E+000	-1.5654E+002
 1.4319E+000	-4.8194E+000	-1.5654E+002
 1.4359E+000	-4.8246E+000	-1.5654E+002
 1.4398E+000	-4.8521E+000	-1.5654E+002
 1.4438E+000	-4.9029E+000	-1.5654E+002
 1.4478E+000	-4.9767E+000	-1.5654E+002
 1.4518E+000	-5.0730E+000	-1.5654E+002
 1.4558E+000	-5.1906E+000	-1.5654E+002
 1.4598E+000	-5.3281E+000	-1.5654E+002
 1.4638E+000	-5.4839E+000	-1.5654E+002
 1.4678E+000	-5.6562E+000	-1.5654E+002
 1.4718E+000	-5.8430E+000	-1.5654E+002
 1.4758E+000	-6.0426E+000	-1.5654E+002
 1.4798E+000	-6.2528E+000	-1.5654E+002
 1.4838E+000	-6.4719E+000	-1.5654E+002
 1.4878E+000	-6.6982E+000	-1.5654E+002
 1.4918E+000	-6.9300E+000	-1.5654E+002
 1.4958E+000	-7.1659E+000	-1.5654E+002
 1.4998E+000	-7.4045E+000	-1.5654E+002
 1.5038E+000	-7.6766E+000	-1.5654E+002
 1.5077E+000	-7.9175E+000	-1.5654E+002
 1.5117E+000	-8.1580E+000	-1.5654E+002
 1.5157E+000	-8.3972E+000	-1.5654E+002
 1.5197E+000	-8.6346E+000	-1.5654E+002
 1.5237E+000	-8.8696E+000	-1.5654E+002
 1.5277E+000	-9.1017E+000	-1.5654E+002
 1.5317E+000	-9.3307E+000	-1.5654E+002
 1.5357E+000	-9.5561E+000	-1.5654E+002
 1.5397E+000	-9.7778E+000	-1.5654E+002
 1.5437E+000	-9.9955E+000	-1.5654E+002
 1.5477E+000	-1.0209E+001	-1.5654E+002
 1.5517E+000	-1.0418E+001	-1.5654E+002
 1.5557E+000	-1.0624E+001	-1.5654E+002
 1.5597E+000	-1.0824E+001	-1.5654E+002
 1.5637E+000	-1.1021E+001	-1.5654E+002
 1.5677E+000	-1.1238E+001	-1.5654E+002
 1.5717E+000	-1.1426E+001	-1.5654E+002
 1.5756E+000	-1.1609E+001	-1.5654E+002
 1.5796E+000	-1.1787E+001	-1.5654E+002
 1.5836E+000	-1.1962E+001	-1.5654E+002
 1.5876E+000	-1.2132E+001	-1.5654E+002
 1.5916E+000	-1.2298E+001	-1.5654E+002
 1.5956E+000	-1.2460E+001	-1.5654E+002
 1.5996E+000	-1.2618E+001	-1.5654E+002
 1.6036E+000	-1.2772E+001	-1.5654E+002
 1.6076E+000	-1.2923E+001	-1.5654E+002
 1.6116E+000	-1.3069E+001	-1.5654E+002
 1.6156E+000	-1.3212E+001	-1.5654E+002
 1.6196E+000	-1.3351E+001	-1.5654E+002
 1.6236E+000	-1.3487E+001	-1.5654E+002
 1.6276E+000	-1.3619E+001	-1.5654E+002
 1.6316E+000	-1.3748E+001	-1.5654E+002
 1.6356E+000	-1.3891E+001	-1.5654E+002
 1.6395E+000	-1.4013E+001	-1.5654E+002
 1.6435E+000	-1.4132E+001	-1.5654E+002
 1.6475E+000	-1.4248E+001	-1.5654E+002
 1.6515E+000	-1.4360E+001	-1.5654E+002
 1.6555E+000	-1.4470E+001	-1.5654E+002
 1.6595E+000	-1.4577E+001	-1.5654E+002
 1.6635E+000	-1.4680E+001	-1.5654E+002
 1.6675E+000	-1.4781E+001	-1.5654E+002
 1.6715E+000	-1.4880E+001	-1.5654E+002
 1.6755E+000	-1.4975E+001	-1.5654E+002
 1.6795E+000	-1.5068E+001	-1.5654E+002
 1.6835E+000	-1.5158E+001	-1.5654E+002
 1.6875E+000	-1.5246E+001	-1.5654E+002
 1.6915E+000	-1.5331E+001	-1.5654E+002
 1.6955E+000	-1.5414E+001	-1.5654E+002
 1.6995E+000	-1.5495E+001	-1.5654E+002
 1.7035E+000	-1.5587E+001	-1.5654E+002
 1.7074E+000	-1.5662E+001	-1.5654E+002
 1.7114E+000	-1.5735E+001	-1.5654E+002
 1.7154E+000	-1.5806E+001	-1.5654E+002
 1.7194E+000	-1.5874E+001	-1.5654E+002
 1.7234E+000	-1.5940E+001	-1.5654E+002
 1.7274E+000	-1.6004E+001	-1.5654E+002
 1.7314E+000	-1.6065E+001	-1.5654E+002
 1.7354E+000	-1.6124E+001	-1.5654E+002
 1.7394E+000	-1.6181E+001	-1.5654E+002
 1.7434E+000	-1.6235E+001	-1.5654E+002
 1.7474E+000	-1.6287E+001	-1.5654E+002
 1.7514E+000	-1.6337E+001	-1.5654E+002
 1.7554E+000	-1.6384E+001	-1.5654E+002
 1.7594E+000	-1.6428E+001	-1.5654E+002
 1.7634E+000	-1.6470E+001	-1.5654E+002
 1.7674E+000	-1.6520E+001	-1.5654E+002
 1.7714E+000	-1.6556E+001	-1.5654E+002
 1.7753E+000	-1.6589E+001	-1.5654E+002
 1.7793E+000	-1.6619E+001	-1.5654E+002
 1.7833E+000	-1.6647E+001	-1.5654E+002
 1.7873E+000	-1.6670E+001	-1.5654E+002
 1.7913E+000	-1.6691E+001	-1.5654E+002
 1.7953E+000	-1.6708E+001	-1.5654E+002
 1.7993E+000	-1.6721E+001	-1.5654E+002
 1.8033E+000	-1.6730E+001	-1.5654E+002
 1.8073E+000	-1.6735E+001	-1.5654E+002
 1.8113E+000	-1.6735E+001	-1.5654E+002
 1.8153E+000	-1.6731E+001	-1.5654E+002
 1.8193E+000	-1.6722E+001	-1.5654E+002
 1.8233E+000	-1.6708E+001	-1.5654E+002
 1.8273E+000	-1.6688E+001	-1.5654E+002
 1.8313E+000	-1.6662E+001	-1.5654E+002
 1.8353E+000	-1.6633E+001	-1.5654E+002
 1.8392E+000	-1.6594E+001	-1.5654E+002
 1.8432E+000	-1.6549E+001	-1.5654E+002
 1.8472E+000	-1.6497E+001	-1.5654E+002
 1.8512E+000	-1.6438E+001	-1.5654E+002
 1.8552E+000	-1.6371E+001	-1.5654E+002
 1.8592E+000	-1.6298E+001	-1.5654E+002
 1.8632E+000	-1.6217E+001	-1.5654E+002
 1.8672E+000	-1.6129E+001	-1.5654E+002
 1.8712E+000	-1.6034E+001	-1.5654E+002
 1.8752E+000	-1.5932E+001	-1.5654E+002
 1.8792E+000	-1.5824E+001	-1.5654E+002
 1.8832E+000	-1.5710E+001	-1.5654E+002
 1.8872E+000	-1.5591E+001	-1.5654E+002
 1.8912E+000	-1.5468E+001	-1.5654E+002
 1.8952E+000	-1.5342E+001	-1.5654E+002
 1.8992E+000	-1.5214E+001	-1.5654E+002
 1.9032E+000	-1.5071E+001	-1.5654E+002
 1.9071E+000	-1.4942E+001	-1.5654E+002
 1.9111E+000	-1.4816E+001	-1.5654E+002
 1.9151E+000	-1.4693E+001	-1.5654E+002
 1.9191E+000	-1.4574E+001	-1.5654E+002
 1.9231E+000	-1.4461E+001	-1.5654E+002
 1.9271E+000	-1.4355E+001	-1.5654E+002
 1.9311E+000	-1.4257E+001	-1.5654E+002
 1.9351E+000	-1.4168E+001	-1.5654E+002
 1.9391E+000	-1.4087E+001	-1.5654E+002
 1.9431E+000	-1.4016E+001	-1.5654E+002
 1.9471E+000	-1.3954E+001	-1.5654E+002
 1.9511E+000	-1.3902E+001	-1.5654E+002
 1.9551E+000	-1.3858E+001	-1.5654E+002
 1.9591E+000	-1.3822E+001	-1.5654E+002
 1.9631E+000	-1.3795E+001	-1.5654E+002
 1.9671E+000	-1.3768E+001	-1.5654E+002
 1.9711E+000	-1.3754E+001	-1.5654E+002
 1.9750E+000	-1.3746E+001	-1.5654E+002
 1.9790E+000	-1.3742E+001	-1.5654E+002
 1.9830E+000	-1.3743E+001	-1.5654E+002
 1.9870E+000	-1.3747E+001	-1.5654E+002
 1.9910E+000	-1.3753E+001	-1.5654E+002
 1.9950E+000	-1.3762E+001	-1.5654E+002
 1.9990E+000	-1.3772E+001	-1.5654E+002
 2.0030E+000	-1.3782E+001	-1.5654E+002
 2.0070E+000	-1.3793E+001	-1.5654E+002
 2.0110E+000	-1.3805E+001	-1.5654E+002
 2.0150E+000	-1.3815E+001	-1.5654E+002
 2.0190E+000	-1.3825E+001	-1.5654E+002
 2.0230E+000	-1.3834E+001	-1.5654E+002
 2.0270E+000	-1.3841E+001	-1.5654E+002
 2.0310E+000	-1.3847E+001	-1.5654E+002
 2.0350E+000	-1.3845E+001	-1.5654E+002
 2.0389E+000	-1.3847E+001	-1.5654E+002
 2.0429E+000	-1.3847E+001	-1.5654E+002
 2.0469E+000	-1.3845E+001	-1.5654E+002
 2.0509E+000	-1.3840E+001	-1.5654E+002
 2.0549E+000	-1.3833E+001	-1.5654E+002
 2.0589E+000	-1.3824E+001	-1.5654E+002
 2.0629E+000	-1.3812E+001	-1.5654E+002
 2.0669E+000	-1.3798E+001	-1.5654E+002
 2.0709E+000	-1.3781E+001	-1.5654E+002
 2.0749E+000	-1.3761E+001	-1.5654E+002
 2.0789E+000	-1.3739E+001	-1.5654E+002
 2.0829E+000	-1.3714E+001	-1.5654E+002
 2.0869E+000	-1.3686E+001	-1.5654E+002
 2.0909E+000	-1.3656E+001	-1.5654E+002
 2.0949E+000	-1.3623E+001	-1.5654E+002
 2.0989E+000	-1.3587E+001	-1.5654E+002
 2.1029E+000	-1.3537E+001	-1.5654E+002
 2.1068E+000	-1.3495E+001	-1.5654E+002
 2.1108E+000	-1.3450E+001	-1.5654E+002
 2.1148E+000	-1.3402E+001	-1.5654E+002
 2.1188E+000	-1.3352E+001	-1.5654E+002
 2.1228E+000	-1.3298E+001	-1.5654E+002
 2.1268E+000	-1.3241E+001	-1.5654E+002
 2.1308E+000	-1.3182E+001	-1.5654E+002
 2.1348E+000	-1.3119E+001	-1.5654E+002
 2.1388E+000	-1.3054E+001	-1.5654E+002
 2.1428E+000	-1.2985E+001	-1.5654E+002
 2.1468E+000	-1.2914E+001	-1.5654E+002
 2.1508E+000	-1.2839E+001	-1.5654E+002
 2.1548E+000	-1.2762E+001	-1.5654E+002
 2.1588E+000	-1.2681E+001	-1.5654E+002
 2.1628E+000	-1.2597E+001	-1.5654E+002
 2.1668E+000	-1.2495E+001	-1.5654E+002
 2.1708E+000	-1.2405E+001	-1.5654E+002
 2.1747E+000	-1.2311E+001	-1.5654E+002
 2.1787E+000	-1.2214E+001	-1.5654E+002
 2.1827E+000	-1.2114E+001	-1.5654E+002
 2.1867E+000	-1.2011E+001	-1.5654E+002
 2.1907E+000	-1.1905E+001	-1.5654E+002
 2.1947E+000	-1.1795E+001	-1.5654E+002
 2.1987E+000	-1.1682E+001	-1.5654E+002
 2.2027E+000	-1.1565E+001	-1.5654E+002
 2.2067E+000	-1.1445E+001	-1.5654E+002
 2.2107E+000	-1.1322E+001	-1.5654E+002
 2.2147E+000	-1.1196E+001	-1.5654E+002
 2.2187E+000	-1.1066E+001	-1.5654E+002
 2.2227E+000	-1.0932E+001	-1.5654E+002
 2.2267E+000	-1.0795E+001	-1.5654E+002
 2.2307E+000	-1.0655E+001	-1.5654E+002
 2.2347E+000	-1.0491E+001	-1.5654E+002
 2.2386E+000	-1.0343E+001	-1.5654E+002
 2.2426E+000	-1.0192E+001	-1.5654E+002
 2.2466E+000	-1.0037E+001	-1.5654E+002
 2.2506E+000	-9.8790E+000	-1.5654E+002
 2.2546E+000	-9.7172E+000	-1.5654E+002
 2.2586E+000	-9.5518E+000	-1.5654E+002
 2.2626E+000	-9.3829E+000	-1.5654E+002
 2.2666E+000	-9.2105E+000	-1.5654E+002
 2.2706E+000	-9.0346E+000	-1.5654E+002
 2.2746E+000	-8.8553E+000	-1.5654E+002
 2.2786E+000	-8.6725E+000	-1.5654E+002
 2.2826E+000	-8.4864E+000	-1.5654E+002
 2.2866E+000	-8.2969E+000	-1.5654E+002
 2.2906E+000	-8.1041E+000	-1.5654E+002
 2.2946E+000	-7.9081E+000	-1.5654E+002
 2.2986E+000	-7.7091E+000	-1.5654E+002
 2.3026E+000	-7.4822E+000	-1.5654E+002
 2.3065E+000	-7.2770E+000	-1.5654E+002
 2.3105E+000	-7.0691E+000	-1.5654E+002
 2.3145E+000	-6.8586E+000	-1.5654E+002
 2.3185E+000	-6.6459E+000	-1.5654E+002
 2.3225E+000	-6.4311E+000	-1.5654E+002
 2.3265E+000	-6.2144E+000	-1.5654E+002
 2.3305E+000	-5.9962E+000	-1.5654E+002
 2.3345E+000	-5.7769E+000	-1.5654E+002
 2.3385E+000	-5.5567E+000	-1.5654E+002
 2.3425E+000	-5.3361E+000	-1.5654E+002
 2.3465E+000	-5.1157E+000	-1.5654E+002
 2.3505E+000	-4.8958E+000	-1.5654E+002
 2.3545E+000	-4.6772E+000	-1.5654E+002
 2.3585E+000	-4.4604E+000	-1.5654E+002
 2.3625E+000	-4.2461E+000	-1.5654E+002
 2.3665E+000	-4.0351E+000	-1.5654E+002
 2.3705E+000	-3.8050E+000	-1.5654E+002
 2.3744E+000	-3.6035E+000	-1.5654E+002
 2.3784E+000	-3.4078E+000	-1.5654E+002
 2.3824E+000	-3.2190E+000	-1.5654E+002
 2.3864E+000	-3.0378E+000	-1.5654E+002
 2.3904E+000	-2.8653E+000	-1.5654E+002
 2.3944E+000	-2.7024E+000	-1.5654E+002
 2.3984E+000	-2.5500E+000	-1.5654E+002
 2.4024E+000	-2.4089E+000	-1.5654E+002
 2.4064E+000	-2.2798E+000	-1.5654E+002
 2.4104E+000	-2.1635E+000	-1.5654E+002
 2.4144E+000	-2.0605E+000	-1.5654E+002
 2.4184E+000	-1.9711E+000	-1.5654E+002
 2.4224E+000	-1.8957E+000	-1.5654E+002
 2.4264E+000	-1.8344E+000	-1.5654E+002
 2.4304E+000	-1.7871E+000	-1.5654E+002
 2.4344E+000	-1.7496E+000	-1.5654E+002
 2.4383E+000	-1.7309E+000	-1.5654E+002
 2.4423E+000	-1.7252E+000	-1.5654E+002
 2.4463E+000	-1.7318E+000	-1.5654E+002
 2.4503E+000	-1.7499E+000	-1.5654E+002
 2.4543E+000	-1.7788E+000	-1.5654E+002
 2.4583E+000	-1.8177E+000	-1.5654E+002
 2.4623E+000	-1.8655E+000	-1.5654E+002
 2.4663E+000	-1.9215E+000	-1.5654E+002
 2.4703E+000	-1.9846E+000	-1.5654E+002
 2.4743E+000	-2.0540E+000	-1.5654E+002
 2.4783E+000	-2.1288E+000	-1.5654E+002
 2.4823E+000	-2.2082E+000	-1.5654E+002
 2.4863E+000	-2.2913E+000	-1.5654E+002
 2.4903E+000	-2.3774E+000	-1.5654E+002
 2.4943E+000	-2.4659E+000	-1.5654E+002
 2.4983E+000	-2.5561E+000	-1.5654E+002
 2.5023E+000	-2.6549E+000	-1.5654E+002
 2.5062E+000	-2.7468E+000	-1.5654E+002
 2.5102E+000	-2.8388E+000	-1.5654E+002
 2.5142E+000	-2.9304E+000	-1.5654E+002
 2.5182E+000	-3.0213E+000	-1.5654E+002
 2.5222E+000	-3.1111E+000	-1.5654E+002
 2.5262E+000	-3.1995E+000	-1.5654E+002
 2.5302E+000	-3.2863E+000	-1.5654E+002
 2.5342E+000	-3.3712E+000	-1.5654E+002
 2.5382E+000	-3.4541E+000	-1.5654E+002
 2.5422E+000	-3.5347E+000	-1.5654E+002
 2.5462E+000	-3.6129E+000	-1.5654E+002
 2.5502E+000	-3.6885E+000	-1.5654E+002
 2.5542E+000	-3.7616E+000	-1.5654E+002
 2.5582E+000	-3.8319E+000	-1.5654E+002
 2.5622E+000	-3.8993E+000	-1.5654E+002
 2.5662E+000	-3.9639E+000	-1.5654E+002
 2.5702E+000	-4.0298E+000	-1.5654E+002
 2.5741E+000	-4.0881E+000	-1.5654E+002
 2.5781E+000	-4.1435E+000	-1.5654E+002
 2.5821E+000	-4.1957E+000	-1.5654E+002
 2.5861E+000	-4.2448E+000	-1.5654E+002
 2.5901E+000	-4.2908E+000	-1.5654E+002
 2.5941E+000	-4.3337E+000	-1.5654E+002
 2.5981E+000	-4.3734E+000	-1.5654E+002
 2.6021E+000	-4.4099E+000	-1.5654E+002
 2.6061E+000	-4.4433E+000	-1.5654E+002
 2.6101E+000	-4.4735E+000	-1.5654E+002
 2.6141E+000	-4.5005E+000	-1.5654E+002
 2.6181E+000	-4.5244E+000	-1.5654E+002
 2.6221E+000	-4.5450E+000	-1.5654E+002
 2.6261E+000	-4.5625E+000	-1.5654E+002
 2.6301E+000	-4.5768E+000	-1.5654E+002
 2.6341E+000	-4.5873E+000	-1.5654E+002
 2.6380E+000	-4.5950E+000	-1.5654E+002
 2.6420E+000	-4.5994E+000	-1.5654E+002
 2.6460E+000	-4.6006E+000	-1.5654E+002
 2.6500E+000	-4.5987E+000	-1.5654E+002
 2.6540E+000	-4.5936E+000	-1.5654E+002
 2.6580E+000	-4.5853E+000	-1.5654E+002
 2.6620E+000	-4.5738E+000	-1.5654E+002
 2.6660E+000	-4.5591E+000	-1.5654E+002
 2.6700E+000	-4.5412E+000	-1.5654E+002
 2.6740E+000	-4.5201E+000	-1.5654E+002
 2.6780E+000	-4.4958E+000	-1.5654E+002
 2.6820E+000	-4.4683E+000	-1.5654E+002
 2.6860E+000	-4.4376E+000	-1.5654E+002
 2.6900E+000	-4.4036E+000	-1.5654E+002
 2.6940E+000	-4.3665E+000	-1.5654E+002
 2.6980E+000	-4.3261E+000	-1.5654E+002
 2.7020E+000	-4.2768E+000	-1.5654E+002
 2.7059E+000	-4.2296E+000	-1.5654E+002
 2.7099E+000	-4.1791E+000	-1.5654E+002
 2.7139E+000	-4.1254E+000	-1.5654E+002
 2.7179E+000	-4.0685E+000	-1.5654E+002
 2.7219E+000	-4.0082E+000	-1.5654E+002
 2.7259E+000	-3.9447E+000	-1.5654E+002
 2.7299E+000	-3.8779E+000	-1.5654E+002
 2.7339E+000	-3.8079E+000	-1.5654E+002
 2.7379E+000	-3.7346E+000	-1.5654E+002
 2.7419E+000	-3.6580E+000	-1.5654E+002
 2.7459E+000	-3.5782E+000	-1.5654E+002
 2.7499E+000	-3.4952E+000	-1.5654E+002
 2.7539E+000	-3.4089E+000	-1.5654E+002
 2.7579E+000	-3.3194E+000	-1.5654E+002
 2.7619E+000	-3.2268E+000	-1.5654E+002
 2.7659E+000	-3.1310E+000	-1.5654E+002
 2.7698E+000	-3.0217E+000	-1.5654E+002
 2.7738E+000	-2.9195E+000	-1.5654E+002
 2.7778E+000	-2.8143E+000	-1.5654E+002
 2.7818E+000	-2.7062E+000	-1.5654E+002
 2.7858E+000	-2.5953E+000	-1.5654E+002
 2.7898E+000	-2.4817E+000	-1.5654E+002
 2.7938E+000	-2.3654E+000	-1.5654E+002
 2.7978E+000	-2.2467E+000	-1.5654E+002
 2.8018E+000	-2.1257E+000	-1.5654E+002
 2.8058E+000	-2.0025E+000	-1.5654E+002
 2.8098E+000	-1.8773E+000	-1.5654E+002
 2.8138E+000	-1.7504E+000	-1.5654E+002
 2.8178E+000	-1.6220E+000	-1.5654E+002
 2.8218E+000	-1.4923E+000	-1.5654E+002
 2.8258E+000	-1.3617E+000	-1.5654E+002
 2.8298E+000	-1.2306E+000	-1.5654E+002
 2.8338E+000	-1.0864E+000	-1.5654E+002
 2.8377E+000	-9.5527E-001	-1.5654E+002
 2.8417E+000	-8.2478E-001	-1.5654E+002
 2.8457E+000	-6.9547E-001	-1.5654E+002
 2.8497E+000	-5.6786E-001	-1.5654E+002
 2.8537E+000	-4.4251E-001	-1.5654E+002
 2.8577E+000	-3.2004E-001	-1.5654E+002
 2.8617E+000	-2.0107E-001	-1.5654E+002
 2.8657E+000	-8.6283E-002	-1.5654E+002
 2.8697E+000	 2.3642E-002	-1.5654E+002
 2.8737E+000	 1.2800E-001	-1.5654E+002
 2.8777E+000	 2.2607E-001	-1.5654E+002
 2.8817E+000	 3.1716E-001	-1.5654E+002
 2.8857E+000	 4.0055E-001	-1.5654E+002
 2.8897E+000	 4.7560E-001	-1.5654E+002
 2.8937E+000	 5.4167E-001	-1.5654E+002
 2.8977E+000	 5.9820E-001	-1.5654E+002
 2.9017E+000	 6.4843E-001	-1.5654E+002
 2.9056E+000	 6.8347E-001	-1.5654E+002
 2.9096E+000	 7.0769E-001	-1.5654E+002
 2.9136E+000	 7.2090E-001	-1.5654E+002
 2.9176E+000	 7.2297E-001	-1.5654E+002
 2.9216E+000	 7.1392E-001	-1.5654E+002
 2.9256E+000	 6.9386E-001	-1.5654E+002
 2.9296E+000	 6.6304E-001	-1.5654E+002
 2.9336E+000	 6.2176E-001	-1.5654E+002
 2.9376E+000	 5.7046E-001	-1.5654E+002
 2.9416E+000	 5.0963E-001	-1.5654E+002
 2.9456E+000	 4.3985E-001	-1.5654E+002
 2.9496E+000	 3.6173E-001	-1.5654E+002
 2.9536E+000	 2.7596E-001	-1.5654E+002
 2.9576E+000	 1.8321E-001	-1.5654E+002
 2.9616E+000	 8.4187E-002	-1.5654E+002
 2.9656E+000	-2.0391E-002	-1.5654E+002
 2.9695E+000	-1.3984E-001	-1.5654E+002
 2.9735E+000	-2.5380E-001	-1.5654E+002
 2.9775E+000	-3.7122E-001	-1.5654E+002
 2.9815E+000	-4.9147E-001	-1.5654E+002
 2.9855E+000	-6.1396E-001	-1.5654E+002
 2.9895E+000	-7.3812E-001	-1.5654E+002
 2.9935E+000	-8.6344E-001	-1.5654E+002
 2.9975E+000	-9.8944E-001	-1.5654E+002
 3.0015E+000	-1.1157E+000	-1.5654E+002
 3.0055E+000	-1.2417E+000	-1.5654E+002
 3.0095E+000	-1.3673E+000	-1.5654E+002
 3.0135E+000	-1.4919E+000	-1.5654E+002
 3.0175E+000	-1.6155E+000	-1.5654E+002
 3.0215E+000	-1.7375E+000	-1.5654E+002
 3.0255E+000	-1.8579E+000	-1.5654E+002
 3.0295E+000	-1.9765E+000	-1.5654E+002
 3.0335E+000	-2.1030E+000	-1.5654E+002
 3.0374E+000	-2.2170E+000	-1.5654E+002
 3.0414E+000	-2.3287E+000	-1.5654E+002
 3.0454E+000	-2.4378E+000	-1.5654E+002
 3.0494E+000	-2.5444E+000	-1.5654E+002
 3.0534E+000	-2.6482E+000	-1.5654E+002
 3.0574E+000	-2.7492E+000	-1.5654E+002
 3.0614E+000	-2.8474E+000	-1.5654E+002
 3.0654E+000	-2.9426E+000	-1.5654E+002
 3.0694E+000	-3.0349E+000	-1.5654E+002
 3.0734E+000	-3.1242E+000	-1.5654E+002
 3.0774E+000	-3.2105E+000	-1.5654E+002
 3.0814E+000	-3.2937E+000	-1.5654E+002
 3.0854E+000	-3.3738E+000	-1.5654E+002
 3.0894E+000	-3.4509E+000	-1.5654E+002
 3.0934E+000	-3.5248E+000	-1.5654E+002
 3.0974E+000	-3.5957E+000	-1.5654E+002
 3.1014E+000	-3.6693E+000	-1.5654E+002
 3.1053E+000	-3.7338E+000	-1.5654E+002
 3.1093E+000	-3.7951E+000	-1.5654E+002
 3.1133E+000	-3.8534E+000	-1.5654E+002
 3.1173E+000	-3.9086E+000	-1.5654E+002
 3.1213E+000	-3.9607E+000	-1.5654E+002
 3.1253E+000	-4.0098E+000	-1.5654E+002
 3.1293E+000	-4.0558E+000	-1.5654E+002
 3.1333E+000	-4.0988E+000	-1.5654E+002
 3.1373E+000	-4.1388E+000	-1.5654E+002
 3.1413E+000	-4.1757E+000	-1.5654E+002
 3.1453E+000	-4.2097E+000	-1.5654E+002
 3.1493E+000	-4.2407E+000	-1.5654E+002
 3.1533E+000	-4.2687E+000	-1.5654E+002
 3.1573E+000	-4.2938E+000	-1.5654E+002
 3.1613E+000	-4.3160E+000	-1.5654E+002
 3.1653E+000	-4.3352E+000	-1.5654E+002
 3.1692E+000	-4.3530E+000	-1.5654E+002
 3.1732E+000	-4.3662E+000	-1.5654E+002
 3.1772E+000	-4.3765E+000	-1.5654E+002
 3.1812E+000	-4.3839E+000	-1.5654E+002
 3.1852E+000	-4.3885E+000	-1.5654E+002
 3.1892E+000	-4.3902E+000	-1.5654E+002
 3.1932E+000	-4.3891E+000	-1.5654E+002
 3.1972E+000	-4.3852E+000	-1.5654E+002
 3.2012E+000	-4.3785E+000	-1.5654E+002
 3.2052E+000	-4.3690E+000	-1.5654E+002
 3.2092E+000	-4.3568E+000	-1.5654E+002
 3.2132E+000	-4.3418E+000	-1.5654E+002
 3.2172E+000	-4.3242E+000	-1.5654E+002
 3.2212E+000	-4.3038E+000	-1.5654E+002
 3.2252E+000	-4.2807E+000	-1.5654E+002
 3.2292E+000	-4.2550E+000	-1.5654E+002
 3.2332E+000	-4.2267E+000	-1.5654E+002
 3.2371E+000	-4.1935E+000	-1.5654E+002
 3.2411E+000	-4.1598E+000	-1.5654E+002
 3.2451E+000	-4.1236E+000	-1.5654E+002
 3.2491E+000	-4.0850E+000	-1.5654E+002
 3.2531E+000	-4.0440E+000	-1.5654E+002
 3.2571E+000	-4.0006E+000	-1.5654E+002
 3.2611E+000	-3.9549E+000	-1.5654E+002
 3.2651E+000	-3.9071E+000	-1.5654E+002
 3.2691E+000	-3.8570E+000	-1.5654E+002
 3.2731E+000	-3.8050E+000	-1.5654E+002
 3.2771E+000	-3.7510E+000	-1.5654E+002
 3.2811E+000	-3.6952E+000	-1.5654E+002
 3.2851E+000	-3.6377E+000	-1.5654E+002
 3.2891E+000	-3.5786E+000	-1.5654E+002
 3.2931E+000	-3.5181E+000	-1.5654E+002
 3.2971E+000	-3.4564E+000	-1.5654E+002
 3.3011E+000	-3.3891E+000	-1.5654E+002
 3.3050E+000	-3.3256E+000	-1.5654E+002
 3.3090E+000	-3.2614E+000	-1.5654E+002
 3.3130E+000	-3.1970E+000	-1.5654E+002
 3.3170E+000	-3.1326E+000	-1.5654E+002
 3.3210E+000	-3.0685E+000	-1.5654E+002
 3.3250E+000	-3.0050E+000	-1.5654E+002
 3.3290E+000	-2.9426E+000	-1.5654E+002
 3.3330E+000	-2.8815E+000	-1.5654E+002
 3.3370E+000	-2.8223E+000	-1.5654E+002
 3.3410E+000	-2.7654E+000	-1.5654E+002
 3.3450E+000	-2.7112E+000	-1.5654E+002
 3.3490E+000	-2.6604E+000	-1.5654E+002
 3.3530E+000	-2.6133E+000	-1.5654E+002
 3.3570E+000	-2.5705E+000	-1.5654E+002
 3.3610E+000	-2.5327E+000	-1.5654E+002
 3.3650E+000	-2.5003E+000	-1.5654E+002
 3.3689E+000	-2.4733E+000	-1.5654E+002
 3.3729E+000	-2.4542E+000	-1.5654E+002
 3.3769E+000	-2.4422E+000	-1.5654E+002
 3.3809E+000	-2.4380E+000	-1.5654E+002
 3.3849E+000	-2.4420E+000	-1.5654E+002
 3.3889E+000	-2.4547E+000	-1.5654E+002
 3.3929E+000	-2.4764E+000	-1.5654E+002
 3.3969E+000	-2.5075E+000	-1.5654E+002
 3.4009E+000	-2.5482E+000	-1.5654E+002
 3.4049E+000	-2.5987E+000	-1.5654E+002
 3.4089E+000	-2.6592E+000	-1.5654E+002
 3.4129E+000	-2.7296E+000	-1.5654E+002
 3.4169E+000	-2.8099E+000	-1.5654E+002
 3.4209E+000	-2.8999E+000	-1.5654E+002
 3.4249E+000	-2.9995E+000	-1.5654E+002
 3.4289E+000	-3.1083E+000	-1.5654E+002
 3.4329E+000	-3.2259E+000	-1.5654E+002
 3.4368E+000	-3.3641E+000	-1.5654E+002
 3.4408E+000	-3.4988E+000	-1.5654E+002
 3.4448E+000	-3.6408E+000	-1.5654E+002
 3.4488E+000	-3.7897E+000	-1.5654E+002
 3.4528E+000	-3.9449E+000	-1.5654E+002
 3.4568E+000	-4.1057E+000	-1.5654E+002
 3.4608E+000	-4.2717E+000	-1.5654E+002
 3.4648E+000	-4.4422E+000	-1.5654E+002
 3.4688E+000	-4.6166E+000	-1.5654E+002
 3.4728E+000	-4.7944E+000	-1.5654E+002
 3.4768E+000	-4.9751E+000	-1.5654E+002
 3.4808E+000	-5.1582E+000	-1.5654E+002
 3.4848E+000	-5.3431E+000	-1.5654E+002
 3.4888E+000	-5.5295E+000	-1.5654E+002
 3.4928E+000	-5.7168E+000	-1.5654E+002
 3.4968E+000	-5.9048E+000	-1.5654E+002
 3.5008E+000	-6.1095E+000	-1.5654E+002
 3.5047E+000	-6.2975E+000	-1.5654E+002
 3.5087E+000	-6.4851E+000	-1.5654E+002
 3.5127E+000	-6.6719E+000	-1.5654E+002
 3.5167E+000	-6.8578E+000	-1.5654E+002
 3.5207E+000	-7.0424E+000	-1.5654E+002
 3.5247E+000	-7.2255E+000	-1.5654E+002
 3.5287E+000	-7.4070E+000	-1.5654E+002
 3.5327E+000	-7.5866E+000	-1.5654E+002
 3.5367E+000	-7.7643E+000	-1.5654E+002
 3.5407E+000	-7.9399E+000	-1.5654E+002
 3.5447E+000	-8.1132E+000	-1.5654E+002
 3.5487E+000	-8.2842E+000	-1.5654E+002
 3.5527E+000	-8.4527E+000	-1.5654E+002
 3.5567E+000	-8.6187E+000	-1.5654E+002
 3.5607E+000	-8.7820E+000	-1.5654E+002
 3.5647E+000	-8.9427E+000	-1.5654E+002
 3.5686E+000	-9.1146E+000	-1.5654E+002
 3.5726E+000	-9.2696E+000	-1.5654E+002
 3.5766E+000	-9.4217E+000	-1.5654E+002
 3.5806E+000	-9.5709E+000	-1.5654E+002
 3.5846E+000	-9.7173E+000	-1.5654E+002
 3.5886E+000	-9.8607E+000	-1.5654E+002
 3.5926E+000	-1.0001E+001	-1.5654E+002
 3.5966E+000	-1.0139E+001	-1.5654E+002
 3.6006E+000	-1.0273E+001	-1.5654E+002
 3.6046E+000	-1.0404E+001	-1.5654E+002
 3.6086E+000	-1.0533E+001	-1.5654E+002
 3.6126E+000	-1.0658E+001	-1.5654E+002
 3.6166E+000	-1.0781E+001	-1.5654E+002
 3.6206E+000	-1.0900E+001	-1.5654E+002
 3.6246E+000	-1.1016E+001	-1.5654E+002
 3.6286E+000	-1.1129E+001	-1.5654E+002
 3.6326E+000	-1.1239E+001	-1.5654E+002
 3.6365E+000	-1.1357E+001	-1.5654E+002
 3.6405E+000	-1.1460E+001	-1.5654E+002
 3.6445E+000	-1.1561E+001	-1.5654E+002
 3.6485E+000	-1.1659E+001	-1.5654E+002
 3.6525E+000	-1.1753E+001	-1.5654E+002
 3.6565E+000	-1.1845E+001	-1.5654E+002
 3.6605E+000	-1.1933E+001	-1.5654E+002
 3.6645E+000	-1.2018E+001	-1.5654E+002
 3.6685E+000	-1.2100E+001	-1.5654E+002
 3.6725E+000	-1.2179E+001	-1.5654E+002
 3.6765E+000	-1.2255E+001	-1.5654E+002
 3.6805E+000	-1.2327E+001	-1.5654E+002
 3.6845E+000	-1.2396E+001	-1.5654E+002
 3.6885E+000	-1.2463E+001	-1.5654E+002
 3.6925E+000	-1.2525E+001	-1.5654E+002
 3.6965E+000	-1.2585E+001	-1.5654E+002
 3.7005E+000	-1.2647E+001	-1.5654E+002
 3.7044E+000	-1.2700E+001	-1.5654E+002
 3.7084E+000	-1.2749E+001	-1.5654E+002
 3.7124E+000	-1.2795E+001	-1.5654E+002
 3.7164E+000	-1.2837E+001	-1.5654E+002
 3.7204E+000	-1.2876E+001	-1.5654E+002
 3.7244E+000	-1.2911E+001	-1.5654E+002
 3.7284E+000	-1.2942E+001	-1.5654E+002
 3.7324E+000	-1.2970E+001	-1.5654E+002
 3.7364E+000	-1.2994E+001	-1.5654E+002
 3.7404E+000	-1.3014E+001	-1.5654E+002
 3.7444E+000	-1.3030E+001	-1.5654E+002
 3.7484E+000	-1.3043E+001	-1.5654E+002
 3.7524E+000	-1.3051E+001	-1.5654E+002
 3.7564E+000	-1.3055E+001	-1.5654E+002
 3.7604E+000	-1.3055E+001	-1.5654E+002
 3.7644E+000	-1.3050E+001	-1.5654E+002
 3.7683E+000	-1.3043E+001	-1.5654E+002
 3.7723E+000	-1.3029E+001	-1.5654E+002
 3.7763E+000	-1.3012E+001	-1.5654E+002
 3.7803E+000	-1.2989E+001	-1.5654E+002
 3.7843E+000	-1.2962E+001	-1.5654E+002
 3.7883E+000	-1.2931E+001	-1.5654E+002
 3.7923E+000	-1.2895E+001	-1.5654E+002
 3.7963E+000	-1.2855E+001	-1.5654E+002
 3.8003E+000	-1.2810E+001	-1.5654E+002
 3.8043E+000	-1.2761E+001	-1.5654E+002
 3.8083E+000	-1.2707E+001	-1.5654E+002
 3.8123E+000	-1.2649E+001	-1.5654E+002
 3.8163E+000	-1.2586E+001	-1.5654E+002
 3.8203E+000	-1.2520E+001	-1.5654E+002
 3.8243E+000	-1.2450E+001	-1.5654E+002
 3.8283E+000	-1.2377E+001	-1.5654E+002
 3.8323E+000	-1.2300E+001	-1.5654E+002
 3.8362E+000	-1.2215E+001	-1.5654E+002
 3.8402E+000	-1.2132E+001	-1.5654E+002
 3.8442E+000	-1.2046E+001	-1.5654E+002
 3.8482E+000	-1.1959E+001	-1.5654E+002
 3.8522E+000	-1.1870E+001	-1.5654E+002
 3.8562E+000	-1.1781E+001	-1.5654E+002
 3.8602E+000	-1.1690E+001	-1.5654E+002
 3.8642E+000	-1.1600E+001	-1.5654E+002
 3.8682E+000	-1.1510E+001	-1.5654E+002
 3.8722E+000	-1.1422E+001	-1.5654E+002
 3.8762E+000	-1.1334E+001	-1.5654E+002
 3.8802E+000	-1.1249E+001	-1.5654E+002
 3.8842E+000	-1.1166E+001	-1.5654E+002
 3.8882E+000	-1.1086E+001	-1.5654E+002
 3.8922E+000	-1.1009E+001	-1.5654E+002
 3.8962E+000	-1.0935E+001	-1.5654E+002
 3.9002E+000	-1.0861E+001	-1.5654E+002
 3.9041E+000	-1.0796E+001	-1.5654E+002
 3.9081E+000	-1.0736E+001	-1.5654E+002
 3.9121E+000	-1.0680E+001	-1.5654E+002
 3.9161E+000	-1.0628E+001	-1.5654E+002
 3.9201E+000	-1.0581E+001	-1.5654E+002
 3.9241E+000	-1.0539E+001	-1.5654E+002
 3.9281E+000	-1.0501E+001	-1.5654E+002
 3.9321E+000	-1.0468E+001	-1.5654E+002
 3.9361E+000	-1.0439E+001	-1.5654E+002
 3.9401E+000	-1.0413E+001	-1.5654E+002
 3.9441E+000	-1.0392E+001	-1.5654E+002
 3.9481E+000	-1.0373E+001	-1.5654E+002
 3.9521E+000	-1.0358E+001	-1.5654E+002
 3.9561E+000	-1.0346E+001	-1.5654E+002
 3.9601E+000	-1.0337E+001	-1.5654E+002
 3.9641E+000	-1.0329E+001	-1.5654E+002
 3.9680E+000	-1.0323E+001	-1.5654E+002
 3.9720E+000	-1.0319E+001	-1.5654E+002
 3.9760E+000	-1.0317E+001	-1.5654E+002
 3.9800E+000	-1.0316E+001	-1.5654E+002
 3.9840E+000	-1.0316E+001	-1.5654E+002
 3.9880E+000	-1.0316E+001	-1.5654E+002
 3.9920E+000	-1.0317E+001	-1.5654E+002
 3.9960E+000	-1.0317E+001	-1.5654E+002
 4.0000E+000	-1.0318E+001	-1.5654E+002
