Sat May 21 20:30:23 2022

Number of basis is 31
 0  0.00000000000000E+00  0.00000000000000E+00 -2.35000000000000E-01  0.00000000000000E+00  0.00000000000000E+00 -2.20312500000000E-01  0.00000000000000E+00  0.00000000000000E+00 -2.05625000000000E-01  0.00000000000000E+00  0.00000000000000E+00  1.46875000000000E-02  0.00000000000000E+00  0.00000000000000E+00  1.46875000000000E-02  1.46875000000000E-02  1.46875000000000E-02
 0  0.00000000000000E+00  0.00000000000000E+00 -2.20312500000000E-01  0.00000000000000E+00  0.00000000000000E+00 -2.05625000000000E-01  0.00000000000000E+00  0.00000000000000E+00 -1.90937500000000E-01  0.00000000000000E+00  0.00000000000000E+00  1.46875000000000E-02  0.00000000000000E+00  0.00000000000000E+00  1.46875000000000E-02  1.46875000000000E-02  1.46875000000000E-02
 0  0.00000000000000E+00  0.00000000000000E+00 -2.05625000000000E-01  0.00000000000000E+00  0.00000000000000E+00 -1.90937500000000E-01  0.00000000000000E+00  0.00000000000000E+00 -1.76250000000000E-01  0.00000000000000E+00  0.00000000000000E+00  1.46875000000000E-02  0.00000000000000E+00  0.00000000000000E+00  1.46875000000000E-02  1.46875000000000E-02  1.46875000000000E-02
 0  0.00000000000000E+00  0.00000000000000E+00 -1.90937500000000E-01  0.00000000000000E+00  0.00000000000000E+00 -1.76250000000000E-01  0.00000000000000E+00  0.00000000000000E+00 -1.61562500000000E-01  0.00000000000000E+00  0.00000000000000E+00  1.46875000000000E-02  0.00000000000000E+00  0.00000000000000E+00  1.46875000000000E-02  1.46875000000000E-02  1.46875000000000E-02
 0  0.00000000000000E+00  0.00000000000000E+00 -1.76250000000000E-01  0.00000000000000E+00  0.00000000000000E+00 -1.61562500000000E-01  0.00000000000000E+00  0.00000000000000E+00 -1.46875000000000E-01  0.00000000000000E+00  0.00000000000000E+00  1.46875000000000E-02  0.00000000000000E+00  0.00000000000000E+00  1.46875000000000E-02  1.46875000000000E-02  1.46875000000000E-02
 0  0.00000000000000E+00  0.00000000000000E+00 -1.61562500000000E-01  0.00000000000000E+00  0.00000000000000E+00 -1.46875000000000E-01  0.00000000000000E+00  0.00000000000000E+00 -1.32187500000000E-01  0.00000000000000E+00  0.00000000000000E+00  1.46875000000000E-02  0.00000000000000E+00  0.00000000000000E+00  1.46875000000000E-02  1.46875000000000E-02  1.46875000000000E-02
 0  0.00000000000000E+00  0.00000000000000E+00 -1.46875000000000E-01  0.00000000000000E+00  0.00000000000000E+00 -1.32187500000000E-01  0.00000000000000E+00  0.00000000000000E+00 -1.17500000000000E-01  0.00000000000000E+00  0.00000000000000E+00  1.46875000000000E-02  0.00000000000000E+00  0.00000000000000E+00  1.46875000000000E-02  1.46875000000000E-02  1.46875000000000E-02
 0  0.00000000000000E+00  0.00000000000000E+00 -1.32187500000000E-01  0.00000000000000E+00  0.00000000000000E+00 -1.17500000000000E-01  0.00000000000000E+00  0.00000000000000E+00 -1.02812500000000E-01  0.00000000000000E+00  0.00000000000000E+00  1.46875000000000E-02  0.00000000000000E+00  0.00000000000000E+00  1.46875000000000E-02  1.46875000000000E-02  1.46875000000000E-02
 0  0.00000000000000E+00  0.00000000000000E+00 -1.17500000000000E-01  0.00000000000000E+00  0.00000000000000E+00 -1.02812500000000E-01  0.00000000000000E+00  0.00000000000000E+00 -8.81250000000000E-02  0.00000000000000E+00  0.00000000000000E+00  1.46875000000000E-02  0.00000000000000E+00  0.00000000000000E+00  1.46875000000000E-02  1.46875000000000E-02  1.46875000000000E-02
 0  0.00000000000000E+00  0.00000000000000E+00 -1.02812500000000E-01  0.00000000000000E+00  0.00000000000000E+00 -8.81250000000000E-02  0.00000000000000E+00  0.00000000000000E+00 -7.34375000000000E-02  0.00000000000000E+00  0.00000000000000E+00  1.46875000000000E-02  0.00000000000000E+00  0.00000000000000E+00  1.46875000000000E-02  1.46875000000000E-02  1.46875000000000E-02
 0  0.00000000000000E+00  0.00000000000000E+00 -8.81250000000000E-02  0.00000000000000E+00  0.00000000000000E+00 -7.34375000000000E-02  0.00000000000000E+00  0.00000000000000E+00 -5.87500000000000E-02  0.00000000000000E+00  0.00000000000000E+00  1.46875000000000E-02  0.00000000000000E+00  0.00000000000000E+00  1.46875000000000E-02  1.46875000000000E-02  1.46875000000000E-02
 0  0.00000000000000E+00  0.00000000000000E+00 -7.34375000000000E-02  0.00000000000000E+00  0.00000000000000E+00 -5.87500000000000E-02  0.00000000000000E+00  0.00000000000000E+00 -4.40625000000000E-02  0.00000000000000E+00  0.00000000000000E+00  1.46875000000000E-02  0.00000000000000E+00  0.00000000000000E+00  1.46875000000000E-02  1.46875000000000E-02  1.46875000000000E-02
 0  0.00000000000000E+00  0.00000000000000E+00 -5.87500000000000E-02  0.00000000000000E+00  0.00000000000000E+00 -4.40625000000000E-02  0.00000000000000E+00  0.00000000000000E+00 -2.93750000000000E-02  0.00000000000000E+00  0.00000000000000E+00  1.46875000000000E-02  0.00000000000000E+00  0.00000000000000E+00  1.46875000000000E-02  1.46875000000000E-02  1.46875000000000E-02
 0  0.00000000000000E+00  0.00000000000000E+00 -4.40625000000000E-02  0.00000000000000E+00  0.00000000000000E+00 -2.93750000000000E-02  0.00000000000000E+00  0.00000000000000E+00 -1.46875000000000E-02  0.00000000000000E+00  0.00000000000000E+00  1.46875000000000E-02  0.00000000000000E+00  0.00000000000000E+00  1.46875000000000E-02  1.46875000000000E-02  1.46875000000000E-02
 0  0.00000000000000E+00  0.00000000000000E+00 -2.93750000000000E-02  0.00000000000000E+00  0.00000000000000E+00 -1.46875000000000E-02  0.00000000000000E+00  0.00000000000000E+00  0.00000000000000E+00  0.00000000000000E+00  0.00000000000000E+00  1.46875000000000E-02  0.00000000000000E+00  0.00000000000000E+00  1.46875000000000E-02  1.46875000000000E-02  1.46875000000000E-02
 1  0.00000000000000E+00  0.00000000000000E+00 -1.46875000000000E-02  0.00000000000000E+00  0.00000000000000E+00  0.00000000000000E+00  0.00000000000000E+00  0.00000000000000E+00  1.46875000000000E-02  0.00000000000000E+00  0.00000000000000E+00  1.46875000000000E-02  0.00000000000000E+00  0.00000000000000E+00  1.46875000000000E-02  1.46875000000000E-02  1.46875000000000E-02
 0  0.00000000000000E+00  0.00000000000000E+00  0.00000000000000E+00  0.00000000000000E+00  0.00000000000000E+00  1.46875000000000E-02  0.00000000000000E+00  0.00000000000000E+00  2.93750000000000E-02  0.00000000000000E+00  0.00000000000000E+00  1.46875000000000E-02  0.00000000000000E+00  0.00000000000000E+00  1.46875000000000E-02  1.46875000000000E-02  1.46875000000000E-02
 0  0.00000000000000E+00  0.00000000000000E+00  1.46875000000000E-02  0.00000000000000E+00  0.00000000000000E+00  2.93750000000000E-02  0.00000000000000E+00  0.00000000000000E+00  4.40625000000000E-02  0.00000000000000E+00  0.00000000000000E+00  1.46875000000000E-02  0.00000000000000E+00  0.00000000000000E+00  1.46875000000000E-02  1.46875000000000E-02  1.46875000000000E-02
 0  0.00000000000000E+00  0.00000000000000E+00  2.93750000000000E-02  0.00000000000000E+00  0.00000000000000E+00  4.40625000000000E-02  0.00000000000000E+00  0.00000000000000E+00  5.87500000000000E-02  0.00000000000000E+00  0.00000000000000E+00  1.46875000000000E-02  0.00000000000000E+00  0.00000000000000E+00  1.46875000000000E-02  1.46875000000000E-02  1.46875000000000E-02
 0  0.00000000000000E+00  0.00000000000000E+00  4.40625000000000E-02  0.00000000000000E+00  0.00000000000000E+00  5.87500000000000E-02  0.00000000000000E+00  0.00000000000000E+00  7.34375000000000E-02  0.00000000000000E+00  0.00000000000000E+00  1.46875000000000E-02  0.00000000000000E+00  0.00000000000000E+00  1.46875000000000E-02  1.46875000000000E-02  1.46875000000000E-02
 0  0.00000000000000E+00  0.00000000000000E+00  5.87500000000000E-02  0.00000000000000E+00  0.00000000000000E+00  7.34375000000000E-02  0.00000000000000E+00  0.00000000000000E+00  8.81250000000000E-02  0.00000000000000E+00  0.00000000000000E+00  1.46875000000000E-02  0.00000000000000E+00  0.00000000000000E+00  1.46875000000000E-02  1.46875000000000E-02  1.46875000000000E-02
 0  0.00000000000000E+00  0.00000000000000E+00  7.34375000000000E-02  0.00000000000000E+00  0.00000000000000E+00  8.81250000000000E-02  0.00000000000000E+00  0.00000000000000E+00  1.02812500000000E-01  0.00000000000000E+00  0.00000000000000E+00  1.46875000000000E-02  0.00000000000000E+00  0.00000000000000E+00  1.46875000000000E-02  1.46875000000000E-02  1.46875000000000E-02
 0  0.00000000000000E+00  0.00000000000000E+00  8.81250000000000E-02  0.00000000000000E+00  0.00000000000000E+00  1.02812500000000E-01  0.00000000000000E+00  0.00000000000000E+00  1.17500000000000E-01  0.00000000000000E+00  0.00000000000000E+00  1.46875000000000E-02  0.00000000000000E+00  0.00000000000000E+00  1.46875000000000E-02  1.46875000000000E-02  1.46875000000000E-02
 0  0.00000000000000E+00  0.00000000000000E+00  1.02812500000000E-01  0.00000000000000E+00  0.00000000000000E+00  1.17500000000000E-01  0.00000000000000E+00  0.00000000000000E+00  1.32187500000000E-01  0.00000000000000E+00  0.00000000000000E+00  1.46875000000000E-02  0.00000000000000E+00  0.00000000000000E+00  1.46875000000000E-02  1.46875000000000E-02  1.46875000000000E-02
 0  0.00000000000000E+00  0.00000000000000E+00  1.17500000000000E-01  0.00000000000000E+00  0.00000000000000E+00  1.32187500000000E-01  0.00000000000000E+00  0.00000000000000E+00  1.46875000000000E-01  0.00000000000000E+00  0.00000000000000E+00  1.46875000000000E-02  0.00000000000000E+00  0.00000000000000E+00  1.46875000000000E-02  1.46875000000000E-02  1.46875000000000E-02
 0  0.00000000000000E+00  0.00000000000000E+00  1.32187500000000E-01  0.00000000000000E+00  0.00000000000000E+00  1.46875000000000E-01  0.00000000000000E+00  0.00000000000000E+00  1.61562500000000E-01  0.00000000000000E+00  0.00000000000000E+00  1.46875000000000E-02  0.00000000000000E+00  0.00000000000000E+00  1.46875000000000E-02  1.46875000000000E-02  1.46875000000000E-02
 0  0.00000000000000E+00  0.00000000000000E+00  1.46875000000000E-01  0.00000000000000E+00  0.00000000000000E+00  1.61562500000000E-01  0.00000000000000E+00  0.00000000000000E+00  1.76250000000000E-01  0.00000000000000E+00  0.00000000000000E+00  1.46875000000000E-02  0.00000000000000E+00  0.00000000000000E+00  1.46875000000000E-02  1.46875000000000E-02  1.46875000000000E-02
 0  0.00000000000000E+00  0.00000000000000E+00  1.61562500000000E-01  0.00000000000000E+00  0.00000000000000E+00  1.76250000000000E-01  0.00000000000000E+00  0.00000000000000E+00  1.90937500000000E-01  0.00000000000000E+00  0.00000000000000E+00  1.46875000000000E-02  0.00000000000000E+00  0.00000000000000E+00  1.46875000000000E-02  1.46875000000000E-02  1.46875000000000E-02
 0  0.00000000000000E+00  0.00000000000000E+00  1.76250000000000E-01  0.00000000000000E+00  0.00000000000000E+00  1.90937500000000E-01  0.00000000000000E+00  0.00000000000000E+00  2.05625000000000E-01  0.00000000000000E+00  0.00000000000000E+00  1.46875000000000E-02  0.00000000000000E+00  0.00000000000000E+00  1.46875000000000E-02  1.46875000000000E-02  1.46875000000000E-02
 0  0.00000000000000E+00  0.00000000000000E+00  1.90937500000000E-01  0.00000000000000E+00  0.00000000000000E+00  2.05625000000000E-01  0.00000000000000E+00  0.00000000000000E+00  2.20312500000000E-01  0.00000000000000E+00  0.00000000000000E+00  1.46875000000000E-02  0.00000000000000E+00  0.00000000000000E+00  1.46875000000000E-02  1.46875000000000E-02  1.46875000000000E-02
 0  0.00000000000000E+00  0.00000000000000E+00  2.05625000000000E-01  0.00000000000000E+00  0.00000000000000E+00  2.20312500000000E-01  0.00000000000000E+00  0.00000000000000E+00  2.35000000000000E-01  0.00000000000000E+00  0.00000000000000E+00  1.46875000000000E-02  0.00000000000000E+00  0.00000000000000E+00  1.46875000000000E-02  1.46875000000000E-02  1.46875000000000E-02
